-15.00 -7.00 8.56970429E+00
-14.50 -7.00 8.56970429E+00
-14.00 -7.00 8.56970429E+00
-13.50 -7.00 8.56970429E+00
-13.00 -7.00 8.56970429E+00
-12.50 -7.00 8.56970429E+00
-12.00 -7.00 8.56970429E+00
-11.50 -7.00 8.56970429E+00
-11.00 -7.00 8.56970429E+00
-10.50 -7.00 8.56970429E+00
-10.00 -7.00 8.56970429E+00
-9.50 -7.00 8.56970429E+00
-9.00 -7.00 8.56970429E+00
-8.50 -7.00 8.56970429E+00
-8.00 -7.00 8.56970429E+00
-7.50 -7.00 8.56970429E+00
-7.00 -7.00 8.56970429E+00
-6.50 -7.00 8.56970429E+00
-6.00 -7.00 8.56970429E+00
-5.50 -7.00 8.56970429E+00
-5.00 -7.00 8.56970429E+00
-4.50 -7.00 8.56970429E+00
-4.00 -7.00 8.56970429E+00
-3.50 -7.00 8.56970429E+00
-3.00 -7.00 8.56970429E+00
-2.50 -7.00 8.56970429E+00
-2.00 -7.00 8.56970429E+00
-1.50 -7.00 8.56970429E+00
-1.00 -7.00 8.56970429E+00
-0.50 -7.00 8.56970429E+00
+0.00 -7.00 8.56970429E+00
+0.50 -7.00 8.56970429E+00
+1.00 -7.00 8.56970429E+00
+1.50 -7.00 8.56970429E+00
+2.00 -7.00 8.56970429E+00
+2.50 -7.00 8.56970429E+00
+3.00 -7.00 8.56970429E+00
+3.50 -7.00 8.56970429E+00
+4.00 -7.00 8.56970429E+00
+4.50 -7.00 8.56970429E+00
+5.00 -7.00 8.56970429E+00
+5.50 -7.00 8.56970429E+00
+6.00 -7.00 8.56970429E+00
+6.50 -7.00 8.56970429E+00
+7.00 -7.00 8.56970429E+00
+7.50 -7.00 8.56970429E+00
+8.00 -7.00 8.56970429E+00
+8.50 -7.00 8.56970429E+00
+9.00 -7.00 8.56970429E+00
+9.50 -7.00 8.56970429E+00
+10.00 -7.00 8.56970429E+00
+10.50 -7.00 8.56970429E+00
+11.00 -7.00 8.56970429E+00
+11.50 -7.00 8.56970429E+00
+12.00 -7.00 8.56970429E+00
+12.50 -7.00 8.56970429E+00
+13.00 -7.00 8.56970429E+00
-15.00 -6.75 8.56970429E+00
-14.50 -6.75 8.56970429E+00
-14.00 -6.75 8.56970429E+00
-13.50 -6.75 8.56970429E+00
-13.00 -6.75 8.56970429E+00
-12.50 -6.75 8.56970429E+00
-12.00 -6.75 8.56970429E+00
-11.50 -6.75 8.56970429E+00
-11.00 -6.75 8.56970429E+00
-10.50 -6.75 8.56970429E+00
-10.00 -6.75 8.56970429E+00
-9.50 -6.75 8.56970429E+00
-9.00 -6.75 8.56970429E+00
-8.50 -6.75 8.56970429E+00
-8.00 -6.75 8.56970429E+00
-7.50 -6.75 8.56970429E+00
-7.00 -6.75 8.56970429E+00
-6.50 -6.75 8.56970429E+00
-6.00 -6.75 8.56970429E+00
-5.50 -6.75 8.56970429E+00
-5.00 -6.75 8.56970429E+00
-4.50 -6.75 8.56970429E+00
-4.00 -6.75 8.56970429E+00
-3.50 -6.75 8.56970429E+00
-3.00 -6.75 8.56970429E+00
-2.50 -6.75 8.56970429E+00
-2.00 -6.75 8.56970429E+00
-1.50 -6.75 8.56970429E+00
-1.00 -6.75 8.56970429E+00
-0.50 -6.75 8.56970429E+00
+0.00 -6.75 8.56970429E+00
+0.50 -6.75 8.56970429E+00
+1.00 -6.75 8.56970429E+00
+1.50 -6.75 8.56970429E+00
+2.00 -6.75 8.56970429E+00
+2.50 -6.75 8.56970429E+00
+3.00 -6.75 8.56970429E+00
+3.50 -6.75 8.56970429E+00
+4.00 -6.75 8.56970429E+00
+4.50 -6.75 8.56970429E+00
+5.00 -6.75 8.56970429E+00
+5.50 -6.75 8.56970429E+00
+6.00 -6.75 8.56970429E+00
+6.50 -6.75 8.56970429E+00
+7.00 -6.75 8.56970429E+00
+7.50 -6.75 8.56970429E+00
+8.00 -6.75 8.56970429E+00
+8.50 -6.75 8.56970429E+00
+9.00 -6.75 8.56970429E+00
+9.50 -6.75 8.56970429E+00
+10.00 -6.75 8.56970429E+00
+10.50 -6.75 8.56970429E+00
+11.00 -6.75 8.56970429E+00
+11.50 -6.75 8.56970429E+00
+12.00 -6.75 8.56970429E+00
+12.50 -6.75 8.56970429E+00
+13.00 -6.75 8.56970429E+00
-15.00 -6.50 8.56970429E+00
-14.50 -6.50 8.56970429E+00
-14.00 -6.50 8.56970429E+00
-13.50 -6.50 8.56970429E+00
-13.00 -6.50 8.56970429E+00
-12.50 -6.50 8.56970429E+00
-12.00 -6.50 8.56970429E+00
-11.50 -6.50 8.56970429E+00
-11.00 -6.50 8.56970429E+00
-10.50 -6.50 8.56970429E+00
-10.00 -6.50 8.56970429E+00
-9.50 -6.50 8.56970429E+00
-9.00 -6.50 8.56970429E+00
-8.50 -6.50 8.56970429E+00
-8.00 -6.50 8.56970429E+00
-7.50 -6.50 8.56970429E+00
-7.00 -6.50 8.56970429E+00
-6.50 -6.50 8.56970429E+00
-6.00 -6.50 8.56970429E+00
-5.50 -6.50 8.56970429E+00
-5.00 -6.50 8.56970429E+00
-4.50 -6.50 8.56970429E+00
-4.00 -6.50 8.56970429E+00
-3.50 -6.50 8.56970429E+00
-3.00 -6.50 8.56970429E+00
-2.50 -6.50 8.56970429E+00
-2.00 -6.50 8.56970429E+00
-1.50 -6.50 8.56970429E+00
-1.00 -6.50 8.56970429E+00
-0.50 -6.50 8.56970429E+00
+0.00 -6.50 8.56970429E+00
+0.50 -6.50 8.56970429E+00
+1.00 -6.50 8.56970429E+00
+1.50 -6.50 8.56970429E+00
+2.00 -6.50 8.56970429E+00
+2.50 -6.50 8.56970429E+00
+3.00 -6.50 8.56970429E+00
+3.50 -6.50 8.56970429E+00
+4.00 -6.50 8.56970429E+00
+4.50 -6.50 8.56970429E+00
+5.00 -6.50 8.56970429E+00
+5.50 -6.50 8.56970429E+00
+6.00 -6.50 8.56970429E+00
+6.50 -6.50 8.56970429E+00
+7.00 -6.50 8.56970429E+00
+7.50 -6.50 8.56970429E+00
+8.00 -6.50 8.56970429E+00
+8.50 -6.50 8.56970429E+00
+9.00 -6.50 8.56970429E+00
+9.50 -6.50 8.56970429E+00
+10.00 -6.50 8.56970429E+00
+10.50 -6.50 8.56970429E+00
+11.00 -6.50 8.56970429E+00
+11.50 -6.50 8.56970429E+00
+12.00 -6.50 8.56970429E+00
+12.50 -6.50 8.56970429E+00
+13.00 -6.50 8.56970429E+00
-15.00 -6.25 8.56970429E+00
-14.50 -6.25 8.56970429E+00
-14.00 -6.25 8.56970429E+00
-13.50 -6.25 8.56970429E+00
-13.00 -6.25 8.56970429E+00
-12.50 -6.25 8.56970429E+00
-12.00 -6.25 8.56970429E+00
-11.50 -6.25 8.56970429E+00
-11.00 -6.25 8.56970429E+00
-10.50 -6.25 8.56970429E+00
-10.00 -6.25 8.56970429E+00
-9.50 -6.25 8.56970429E+00
-9.00 -6.25 8.56970429E+00
-8.50 -6.25 8.56970429E+00
-8.00 -6.25 8.56970429E+00
-7.50 -6.25 8.56970429E+00
-7.00 -6.25 8.56970429E+00
-6.50 -6.25 8.56970429E+00
-6.00 -6.25 8.56970429E+00
-5.50 -6.25 8.56970429E+00
-5.00 -6.25 8.56970429E+00
-4.50 -6.25 8.56970429E+00
-4.00 -6.25 8.56970429E+00
-3.50 -6.25 8.56970429E+00
-3.00 -6.25 8.56970429E+00
-2.50 -6.25 8.56970429E+00
-2.00 -6.25 8.56970429E+00
-1.50 -6.25 8.56970429E+00
-1.00 -6.25 8.56970429E+00
-0.50 -6.25 8.56970429E+00
+0.00 -6.25 8.56970429E+00
+0.50 -6.25 8.56970429E+00
+1.00 -6.25 8.56970429E+00
+1.50 -6.25 8.56970429E+00
+2.00 -6.25 8.56970429E+00
+2.50 -6.25 8.56970429E+00
+3.00 -6.25 8.56970429E+00
+3.50 -6.25 8.56970429E+00
+4.00 -6.25 8.56970429E+00
+4.50 -6.25 8.56970429E+00
+5.00 -6.25 8.56970429E+00
+5.50 -6.25 8.56970429E+00
+6.00 -6.25 8.56970429E+00
+6.50 -6.25 8.56970429E+00
+7.00 -6.25 8.56970429E+00
+7.50 -6.25 8.56970429E+00
+8.00 -6.25 8.56970429E+00
+8.50 -6.25 8.56970429E+00
+9.00 -6.25 8.56970429E+00
+9.50 -6.25 8.56970429E+00
+10.00 -6.25 8.56970429E+00
+10.50 -6.25 8.56970429E+00
+11.00 -6.25 8.56970429E+00
+11.50 -6.25 8.56970429E+00
+12.00 -6.25 8.56970429E+00
+12.50 -6.25 8.56970429E+00
+13.00 -6.25 8.56970429E+00
-15.00 -6.00 8.56970429E+00
-14.50 -6.00 8.56970429E+00
-14.00 -6.00 8.56970429E+00
-13.50 -6.00 8.56970429E+00
-13.00 -6.00 8.56970429E+00
-12.50 -6.00 8.56970429E+00
-12.00 -6.00 8.56970429E+00
-11.50 -6.00 8.56970429E+00
-11.00 -6.00 8.56970429E+00
-10.50 -6.00 8.56970429E+00
-10.00 -6.00 8.56970429E+00
-9.50 -6.00 8.56970429E+00
-9.00 -6.00 8.56970429E+00
-8.50 -6.00 8.56970429E+00
-8.00 -6.00 8.56970429E+00
-7.50 -6.00 8.56970429E+00
-7.00 -6.00 8.56970429E+00
-6.50 -6.00 8.56970429E+00
-6.00 -6.00 8.56970429E+00
-5.50 -6.00 8.56970429E+00
-5.00 -6.00 8.56970429E+00
-4.50 -6.00 8.56970429E+00
-4.00 -6.00 8.56970429E+00
-3.50 -6.00 8.56970429E+00
-3.00 -6.00 8.56970429E+00
-2.50 -6.00 8.56970429E+00
-2.00 -6.00 8.56970429E+00
-1.50 -6.00 8.56970429E+00
-1.00 -6.00 8.56970429E+00
-0.50 -6.00 8.56970429E+00
+0.00 -6.00 8.56970429E+00
+0.50 -6.00 8.56970429E+00
+1.00 -6.00 8.56970429E+00
+1.50 -6.00 8.56970429E+00
+2.00 -6.00 8.56970429E+00
+2.50 -6.00 8.56970429E+00
+3.00 -6.00 8.56970429E+00
+3.50 -6.00 8.56970429E+00
+4.00 -6.00 8.56970429E+00
+4.50 -6.00 8.56970429E+00
+5.00 -6.00 8.56970429E+00
+5.50 -6.00 8.56970429E+00
+6.00 -6.00 8.56970429E+00
+6.50 -6.00 8.56970429E+00
+7.00 -6.00 8.56970429E+00
+7.50 -6.00 8.56970429E+00
+8.00 -6.00 8.56970429E+00
+8.50 -6.00 8.56970429E+00
+9.00 -6.00 8.56970429E+00
+9.50 -6.00 8.56970429E+00
+10.00 -6.00 8.56970429E+00
+10.50 -6.00 8.56970429E+00
+11.00 -6.00 8.56970429E+00
+11.50 -6.00 8.56970429E+00
+12.00 -6.00 8.56970429E+00
+12.50 -6.00 8.56970429E+00
+13.00 -6.00 8.56970429E+00
-15.00 -5.75 8.56970429E+00
-14.50 -5.75 8.56970429E+00
-14.00 -5.75 8.56970429E+00
-13.50 -5.75 8.56970429E+00
-13.00 -5.75 8.56970429E+00
-12.50 -5.75 8.56970429E+00
-12.00 -5.75 8.56970429E+00
-11.50 -5.75 8.56970429E+00
-11.00 -5.75 8.56970429E+00
-10.50 -5.75 8.56970429E+00
-10.00 -5.75 8.56970429E+00
-9.50 -5.75 8.56970429E+00
-9.00 -5.75 8.56970429E+00
-8.50 -5.75 8.56970429E+00
-8.00 -5.75 8.56970429E+00
-7.50 -5.75 8.56970429E+00
-7.00 -5.75 8.56970429E+00
-6.50 -5.75 8.56970429E+00
-6.00 -5.75 5.02631284E+00
-5.50 -5.75 8.56970429E+00
-5.00 -5.75 5.02631284E+00
-4.50 -5.75 8.56970429E+00
-4.00 -5.75 5.02631284E+00
-3.50 -5.75 8.56970429E+00
-3.00 -5.75 4.89163848E+00
-2.50 -5.75 8.56970429E+00
-2.00 -5.75 8.56970429E+00
-1.50 -5.75 8.56970429E+00
-1.00 -5.75 8.56970429E+00
-0.50 -5.75 5.02631284E+00
+0.00 -5.75 8.56970429E+00
+0.50 -5.75 5.02631284E+00
+1.00 -5.75 8.56970429E+00
+1.50 -5.75 8.56970429E+00
+2.00 -5.75 4.89163848E+00
+2.50 -5.75 8.56970429E+00
+3.00 -5.75 8.56970429E+00
+3.50 -5.75 5.02631284E+00
+4.00 -5.75 8.56970429E+00
+4.50 -5.75 8.56970429E+00
+5.00 -5.75 8.56970429E+00
+5.50 -5.75 8.56970429E+00
+6.00 -5.75 8.56970429E+00
+6.50 -5.75 8.56970429E+00
+7.00 -5.75 8.56970429E+00
+7.50 -5.75 8.56970429E+00
+8.00 -5.75 8.56970429E+00
+8.50 -5.75 8.56970429E+00
+9.00 -5.75 8.56970429E+00
+9.50 -5.75 8.56970429E+00
+10.00 -5.75 8.56970429E+00
+10.50 -5.75 8.56970429E+00
+11.00 -5.75 8.56970429E+00
+11.50 -5.75 8.56970429E+00
+12.00 -5.75 8.56970429E+00
+12.50 -5.75 8.56970429E+00
+13.00 -5.75 8.56970429E+00
-15.00 -5.50 8.56970429E+00
-14.50 -5.50 8.56970429E+00
-14.00 -5.50 8.56970429E+00
-13.50 -5.50 8.56970429E+00
-13.00 -5.50 8.56970429E+00
-12.50 -5.50 8.56970429E+00
-12.00 -5.50 8.56970429E+00
-11.50 -5.50 8.56970429E+00
-11.00 -5.50 8.56970429E+00
-10.50 -5.50 8.56970429E+00
-10.00 -5.50 8.56970429E+00
-9.50 -5.50 8.56970429E+00
-9.00 -5.50 8.56970429E+00
-8.50 -5.50 8.56970429E+00
-8.00 -5.50 8.56970429E+00
-7.50 -5.50 5.02631284E+00
-7.00 -5.50 8.56970429E+00
-6.50 -5.50 8.56970429E+00
-6.00 -5.50 5.02631284E+00
-5.50 -5.50 5.02631284E+00
-5.00 -5.50 8.56970429E+00
-4.50 -5.50 8.56970429E+00
-4.00 -5.50 8.56970429E+00
-3.50 -5.50 4.75342431E+00
-3.00 -5.50 4.89163848E+00
-2.50 -5.50 4.67081982E+00
-2.00 -5.50 8.56970429E+00
-1.50 -5.50 4.46518392E+00
-1.00 -5.50 8.56970429E+00
-0.50 -5.50 4.67081982E+00
+0.00 -5.50 4.70812972E+00
+0.50 -5.50 8.56970429E+00
+1.00 -5.50 4.67081982E+00
+1.50 -5.50 5.02631284E+00
+2.00 -5.50 5.02631284E+00
+2.50 -5.50 8.56970429E+00
+3.00 -5.50 8.56970429E+00
+3.50 -5.50 5.02631284E+00
+4.00 -5.50 4.89163848E+00
+4.50 -5.50 4.89163848E+00
+5.00 -5.50 8.56970429E+00
+5.50 -5.50 8.56970429E+00
+6.00 -5.50 8.56970429E+00
+6.50 -5.50 8.56970429E+00
+7.00 -5.50 8.56970429E+00
+7.50 -5.50 8.56970429E+00
+8.00 -5.50 8.56970429E+00
+8.50 -5.50 8.56970429E+00
+9.00 -5.50 8.56970429E+00
+9.50 -5.50 8.56970429E+00
+10.00 -5.50 8.56970429E+00
+10.50 -5.50 8.56970429E+00
+11.00 -5.50 8.56970429E+00
+11.50 -5.50 8.56970429E+00
+12.00 -5.50 8.56970429E+00
+12.50 -5.50 8.56970429E+00
+13.00 -5.50 8.56970429E+00
-15.00 -5.25 8.56970429E+00
-14.50 -5.25 8.56970429E+00
-14.00 -5.25 8.56970429E+00
-13.50 -5.25 8.56970429E+00
-13.00 -5.25 8.56970429E+00
-12.50 -5.25 8.56970429E+00
-12.00 -5.25 8.56970429E+00
-11.50 -5.25 8.56970429E+00
-11.00 -5.25 8.56970429E+00
-10.50 -5.25 8.56970429E+00
-10.00 -5.25 8.56970429E+00
-9.50 -5.25 8.56970429E+00
-9.00 -5.25 5.02631284E+00
-8.50 -5.25 8.56970429E+00
-8.00 -5.25 4.89163848E+00
-7.50 -5.25 5.02631284E+00
-7.00 -5.25 8.56970429E+00
-6.50 -5.25 8.56970429E+00
-6.00 -5.25 4.63905849E+00
-5.50 -5.25 4.58684245E+00
-5.00 -5.25 4.63905849E+00
-4.50 -5.25 4.49368851E+00
-4.00 -5.25 4.45218723E+00
-3.50 -5.25 4.08540500E+00
-3.00 -5.25 4.32868838E+00
-2.50 -5.25 4.28835654E+00
-2.00 -5.25 4.18513235E+00
-1.50 -5.25 4.17346634E+00
-1.00 -5.25 3.99571239E+00
-0.50 -5.25 3.97970789E+00
+0.00 -5.25 4.24356154E+00
+0.50 -5.25 4.35183962E+00
+1.00 -5.25 4.32146022E+00
+1.50 -5.25 4.40661206E+00
+2.00 -5.25 4.52638932E+00
+2.50 -5.25 4.43990165E+00
+3.00 -5.25 4.58684245E+00
+3.50 -5.25 4.40661206E+00
+4.00 -5.25 4.52638932E+00
+4.50 -5.25 5.02631284E+00
+5.00 -5.25 4.70812972E+00
+5.50 -5.25 8.56970429E+00
+6.00 -5.25 4.89163848E+00
+6.50 -5.25 8.56970429E+00
+7.00 -5.25 8.56970429E+00
+7.50 -5.25 5.02631284E+00
+8.00 -5.25 5.02631284E+00
+8.50 -5.25 8.56970429E+00
+9.00 -5.25 8.56970429E+00
+9.50 -5.25 8.56970429E+00
+10.00 -5.25 8.56970429E+00
+10.50 -5.25 8.56970429E+00
+11.00 -5.25 8.56970429E+00
+11.50 -5.25 8.56970429E+00
+12.00 -5.25 8.56970429E+00
+12.50 -5.25 8.56970429E+00
+13.00 -5.25 8.56970429E+00
-15.00 -5.00 8.56970429E+00
-14.50 -5.00 8.56970429E+00
-14.00 -5.00 8.56970429E+00
-13.50 -5.00 8.56970429E+00
-13.00 -5.00 8.56970429E+00
-12.50 -5.00 8.56970429E+00
-12.00 -5.00 8.56970429E+00
-11.50 -5.00 5.02631284E+00
-11.00 -5.00 8.56970429E+00
-10.50 -5.00 8.56970429E+00
-10.00 -5.00 8.56970429E+00
-9.50 -5.00 8.56970429E+00
-9.00 -5.00 4.89163848E+00
-8.50 -5.00 8.56970429E+00
-8.00 -5.00 4.56478773E+00
-7.50 -5.00 4.61138236E+00
-7.00 -5.00 4.22874358E+00
-6.50 -5.00 4.29461088E+00
-6.00 -5.00 4.01677502E+00
-5.50 -5.00 3.89797607E+00
-5.00 -5.00 3.82083614E+00
-4.50 -5.00 3.77037872E+00
-4.00 -5.00 3.74485221E+00
-3.50 -5.00 3.59976900E+00
-3.00 -5.00 3.62631016E+00
-2.50 -5.00 3.60932060E+00
-2.00 -5.00 3.63918714E+00
-1.50 -5.00 3.60388153E+00
-1.00 -5.00 3.50976671E+00
-0.50 -5.00 3.51095499E+00
+0.00 -5.00 3.58506056E+00
+0.50 -5.00 3.66328626E+00
+1.00 -5.00 3.74346485E+00
+1.50 -5.00 3.69835647E+00
+2.00 -5.00 3.76432436E+00
+2.50 -5.00 3.74835246E+00
+3.00 -5.00 3.80816826E+00
+3.50 -5.00 3.81083177E+00
+4.00 -5.00 4.03329569E+00
+4.50 -5.00 4.23358030E+00
+5.00 -5.00 4.21479967E+00
+5.50 -5.00 4.46518392E+00
+6.00 -5.00 4.67081982E+00
+6.50 -5.00 4.67081982E+00
+7.00 -5.00 4.89163848E+00
+7.50 -5.00 8.56970429E+00
+8.00 -5.00 8.56970429E+00
+8.50 -5.00 8.56970429E+00
+9.00 -5.00 8.56970429E+00
+9.50 -5.00 8.56970429E+00
+10.00 -5.00 8.56970429E+00
+10.50 -5.00 8.56970429E+00
+11.00 -5.00 8.56970429E+00
+11.50 -5.00 8.56970429E+00
+12.00 -5.00 8.56970429E+00
+12.50 -5.00 8.56970429E+00
+13.00 -5.00 8.56970429E+00
-15.00 -4.75 8.56970429E+00
-14.50 -4.75 8.56970429E+00
-14.00 -4.75 8.56970429E+00
-13.50 -4.75 8.56970429E+00
-13.00 -4.75 8.56970429E+00
-12.50 -4.75 8.56970429E+00
-12.00 -4.75 8.56970429E+00
-11.50 -4.75 4.81123570E+00
-11.00 -4.75 8.56970429E+00
-10.50 -4.75 5.02631284E+00
-10.00 -4.75 4.70812972E+00
-9.50 -4.75 4.45218723E+00
-9.00 -4.75 4.58684245E+00
-8.50 -4.75 4.24871525E+00
-8.00 -4.75 3.91877540E+00
-7.50 -4.75 3.85654699E+00
-7.00 -4.75 3.73798637E+00
-6.50 -4.75 3.78533768E+00
-6.00 -4.75 3.51972159E+00
-5.50 -4.75 3.32934661E+00
-5.00 -4.75 3.48182986E+00
-4.50 -4.75 3.47466064E+00
-4.00 -4.75 3.31467418E+00
-3.50 -4.75 3.23852379E+00
-3.00 -4.75 3.00252498E+00
-2.50 -4.75 3.17333217E+00
-2.00 -4.75 3.24512276E+00
-1.50 -4.75 2.99371860E+00
-1.00 -4.75 2.99772835E+00
-0.50 -4.75 2.99250294E+00
+0.00 -4.75 3.26789645E+00
+0.50 -4.75 3.20258521E+00
+1.00 -4.75 3.34443617E+00
+1.50 -4.75 3.15381719E+00
+2.00 -4.75 3.23710258E+00
+2.50 -4.75 3.25310826E+00
+3.00 -4.75 3.46843456E+00
+3.50 -4.75 3.46234010E+00
+4.00 -4.75 3.75405019E+00
+4.50 -4.75 3.74071158E+00
+5.00 -4.75 3.69199710E+00
+5.50 -4.75 4.02080338E+00
+6.00 -4.75 4.01085211E+00
+6.50 -4.75 4.04871323E+00
+7.00 -4.75 4.33615002E+00
+7.50 -4.75 4.52638932E+00
+8.00 -4.75 8.56970429E+00
+8.50 -4.75 4.89163848E+00
+9.00 -4.75 8.56970429E+00
+9.50 -4.75 8.56970429E+00
+10.00 -4.75 8.56970429E+00
+10.50 -4.75 8.56970429E+00
+11.00 -4.75 8.56970429E+00
+11.50 -4.75 8.56970429E+00
+12.00 -4.75 8.56970429E+00
+12.50 -4.75 8.56970429E+00
+13.00 -4.75 8.56970429E+00
-15.00 -4.50 8.56970429E+00
-14.50 -4.50 8.56970429E+00
-14.00 -4.50 8.56970429E+00
-13.50 -4.50 4.81123570E+00
-13.00 -4.50 8.56970429E+00
-12.50 -4.50 4.89163848E+00
-12.00 -4.50 8.56970429E+00
-11.50 -4.50 4.81123570E+00
-11.00 -4.50 4.56478773E+00
-10.50 -4.50 4.38685765E+00
-10.00 -4.50 4.43990165E+00
-9.50 -4.50 3.96466206E+00
-9.00 -4.50 3.84510669E+00
-8.50 -4.50 3.59733039E+00
-8.00 -4.50 3.59652226E+00
-7.50 -4.50 3.40034857E+00
-7.00 -4.50 3.23404552E+00
-6.50 -4.50 3.38108578E+00
-6.00 -4.50 3.07985701E+00
-5.50 -4.50 3.09194453E+00
-5.00 -4.50 2.89800049E+00
-4.50 -4.50 2.91411367E+00
-4.00 -4.50 2.86882476E+00
-3.50 -4.50 2.74435464E+00
-3.00 -4.50 2.65268227E+00
-2.50 -4.50 2.60609895E+00
-2.00 -4.50 2.72841235E+00
-1.50 -4.50 2.60337843E+00
-1.00 -4.50 2.58625543E+00
-0.50 -4.50 2.68717124E+00
+0.00 -4.50 2.68231307E+00
+0.50 -4.50 2.64082265E+00
+1.00 -4.50 2.70177702E+00
+1.50 -4.50 2.85634440E+00
+2.00 -4.50 2.98486878E+00
+2.50 -4.50 2.93972846E+00
+3.00 -4.50 2.89850193E+00
+3.50 -4.50 3.19558019E+00
+4.00 -4.50 3.23346108E+00
+4.50 -4.50 3.39591339E+00
+5.00 -4.50 3.52033627E+00
+5.50 -4.50 3.49616316E+00
+6.00 -4.50 3.71650205E+00
+6.50 -4.50 3.75549386E+00
+7.00 -4.50 4.06274020E+00
+7.50 -4.50 4.14487441E+00
+8.00 -4.50 4.08805768E+00
+8.50 -4.50 4.47898159E+00
+9.00 -4.50 8.56970429E+00
+9.50 -4.50 8.56970429E+00
+10.00 -4.50 8.56970429E+00
+10.50 -4.50 8.56970429E+00
+11.00 -4.50 8.56970429E+00
+11.50 -4.50 8.56970429E+00
+12.00 -4.50 8.56970429E+00
+12.50 -4.50 8.56970429E+00
+13.00 -4.50 8.56970429E+00
-15.00 -4.25 8.56970429E+00
-14.50 -4.25 8.56970429E+00
-14.00 -4.25 8.56970429E+00
-13.50 -4.25 8.56970429E+00
-13.00 -4.25 8.56970429E+00
-12.50 -4.25 5.02631284E+00
-12.00 -4.25 5.02631284E+00
-11.50 -4.25 4.50943665E+00
-11.00 -4.25 4.24871525E+00
-10.50 -4.25 3.87989865E+00
-10.00 -4.25 3.70188929E+00
-9.50 -4.25 3.63221394E+00
-9.00 -4.25 3.38280331E+00
-8.50 -4.25 3.19786308E+00
-8.00 -4.25 3.17759896E+00
-7.50 -4.25 3.10079785E+00
-7.00 -4.25 3.11619674E+00
-6.50 -4.25 2.67558030E+00
-6.00 -4.25 2.70146378E+00
-5.50 -4.25 2.77909846E+00
-5.00 -4.25 2.50272862E+00
-4.50 -4.25 2.57695474E+00
-4.00 -4.25 2.33338401E+00
-3.50 -4.25 2.27232314E+00
-3.00 -4.25 2.39865301E+00
-2.50 -4.25 2.33246009E+00
-2.00 -4.25 2.19103859E+00
-1.50 -4.25 2.09411205E+00
-1.00 -4.25 2.14005899E+00
-0.50 -4.25 2.19179240E+00
+0.00 -4.25 2.37823999E+00
+0.50 -4.25 2.27399146E+00
+1.00 -4.25 2.39636704E+00
+1.50 -4.25 2.38374442E+00
+2.00 -4.25 2.50308779E+00
+2.50 -4.25 2.41215587E+00
+3.00 -4.25 2.53212057E+00
+3.50 -4.25 2.71117614E+00
+4.00 -4.25 2.58236762E+00
+4.50 -4.25 2.85988100E+00
+5.00 -4.25 2.97316079E+00
+5.50 -4.25 3.11299365E+00
+6.00 -4.25 3.33943167E+00
+6.50 -4.25 3.49588064E+00
+7.00 -4.25 3.56779353E+00
+7.50 -4.25 3.63684304E+00
+8.00 -4.25 3.74415763E+00
+8.50 -4.25 4.11931523E+00
+9.00 -4.25 3.99755546E+00
+9.50 -4.25 4.56478773E+00
+10.00 -4.25 4.49368851E+00
+10.50 -4.25 8.56970429E+00
+11.00 -4.25 5.02631284E+00
+11.50 -4.25 8.56970429E+00
+12.00 -4.25 8.56970429E+00
+12.50 -4.25 8.56970429E+00
+13.00 -4.25 8.56970429E+00
-15.00 -4.00 8.56970429E+00
-14.50 -4.00 8.56970429E+00
-14.00 -4.00 8.56970429E+00
-13.50 -4.00 8.56970429E+00
-13.00 -4.00 4.67081982E+00
-12.50 -4.00 4.23358030E+00
-12.00 -4.00 4.16970064E+00
-11.50 -4.00 3.98143658E+00
-11.00 -4.00 3.97290960E+00
-10.50 -4.00 3.51788551E+00
-10.00 -4.00 3.37900003E+00
-9.50 -4.00 3.20343222E+00
-9.00 -4.00 3.12179837E+00
-8.50 -4.00 2.98293352E+00
-8.00 -4.00 2.85890953E+00
-7.50 -4.00 2.76199135E+00
-7.00 -4.00 2.39605729E+00
-6.50 -4.00 2.36781460E+00
-6.00 -4.00 2.22524195E+00
-5.50 -4.00 2.06816511E+00
-5.00 -4.00 2.21351733E+00
-4.50 -4.00 2.12767547E+00
-4.00 -4.00 1.89753397E+00
-3.50 -4.00 1.79618563E+00
-3.00 -4.00 1.83385851E+00
-2.50 -4.00 1.84284257E+00
-2.00 -4.00 1.69172982E+00
-1.50 -4.00 1.68681464E+00
-1.00 -4.00 1.78961081E+00
-0.50 -4.00 1.90340285E+00
+0.00 -4.00 1.81510679E+00
+0.50 -4.00 1.95907503E+00
+1.00 -4.00 1.97446846E+00
+1.50 -4.00 1.93654489E+00
+2.00 -4.00 1.96588410E+00
+2.50 -4.00 2.07165100E+00
+3.00 -4.00 2.16879172E+00
+3.50 -4.00 2.12562496E+00
+4.00 -4.00 2.39264318E+00
+4.50 -4.00 2.35141822E+00
+5.00 -4.00 2.40915513E+00
+5.50 -4.00 2.61460767E+00
+6.00 -4.00 2.85887222E+00
+6.50 -4.00 2.86055514E+00
+7.00 -4.00 3.15472400E+00
+7.50 -4.00 3.12917143E+00
+8.00 -4.00 3.31103976E+00
+8.50 -4.00 3.39691553E+00
+9.00 -4.00 3.66021877E+00
+9.50 -4.00 4.10177097E+00
+10.00 -4.00 4.29461088E+00
+10.50 -4.00 4.32146022E+00
+11.00 -4.00 4.56478773E+00
+11.50 -4.00 8.56970429E+00
+12.00 -4.00 8.56970429E+00
+12.50 -4.00 5.02631284E+00
+13.00 -4.00 8.56970429E+00
-15.00 -3.75 8.56970429E+00
-14.50 -3.75 4.89163848E+00
-14.00 -3.75 8.56970429E+00
-13.50 -3.75 4.81123570E+00
-13.00 -3.75 4.37758785E+00
-12.50 -3.75 3.97628577E+00
-12.00 -3.75 3.95510827E+00
-11.50 -3.75 3.49084251E+00
-11.00 -3.75 3.35767841E+00
-10.50 -3.75 3.20845541E+00
-10.00 -3.75 2.93705063E+00
-9.50 -3.75 2.79976387E+00
-9.00 -3.75 2.79344436E+00
-8.50 -3.75 2.51023746E+00
-8.00 -3.75 2.29511561E+00
-7.50 -3.75 2.39099023E+00
-7.00 -3.75 2.25247137E+00
-6.50 -3.75 2.07406796E+00
-6.00 -3.75 1.85827128E+00
-5.50 -3.75 1.80725839E+00
-5.00 -3.75 1.79270567E+00
-4.50 -3.75 1.71236459E+00
-4.00 -3.75 1.55072333E+00
-3.50 -3.75 1.39105417E+00
-3.00 -3.75 1.32991736E+00
-2.50 -3.75 1.36700417E+00
-2.00 -3.75 1.43636854E+00
-1.50 -3.75 1.43537945E+00
-1.00 -3.75 1.43686274E+00
-0.50 -3.75 1.42161000E+00
+0.00 -3.75 1.32493714E+00
+0.50 -3.75 1.51686806E+00
+1.00 -3.75 1.36842047E+00
+1.50 -3.75 1.52941942E+00
+2.00 -3.75 1.51404865E+00
+2.50 -3.75 1.76448713E+00
+3.00 -3.75 1.79278693E+00
+3.50 -3.75 1.69057763E+00
+4.00 -3.75 1.85872590E+00
+4.50 -3.75 1.90544308E+00
+5.00 -3.75 2.21537990E+00
+5.50 -3.75 2.35878247E+00
+6.00 -3.75 2.42612531E+00
+6.50 -3.75 2.50603075E+00
+7.00 -3.75 2.79032596E+00
+7.50 -3.75 2.86145603E+00
+8.00 -3.75 3.10864091E+00
+8.50 -3.75 3.23113428E+00
+9.00 -3.75 3.30082788E+00
+9.50 -3.75 3.51575829E+00
+10.00 -3.75 3.81624130E+00
+10.50 -3.75 4.06034623E+00
+11.00 -3.75 4.11038498E+00
+11.50 -3.75 4.49368851E+00
+12.00 -3.75 4.89163848E+00
+12.50 -3.75 8.56970429E+00
+13.00 -3.75 8.56970429E+00
-15.00 -3.50 8.56970429E+00
-14.50 -3.50 4.75342431E+00
-14.00 -3.50 4.54475189E+00
-13.50 -3.50 4.31445102E+00
-13.00 -3.50 3.82083614E+00
-12.50 -3.50 3.63684304E+00
-12.00 -3.50 3.35732692E+00
-11.50 -3.50 3.45735782E+00
-11.00 -3.50 3.03661604E+00
-10.50 -3.50 3.04150328E+00
-10.00 -3.50 2.69815485E+00
-9.50 -3.50 2.55578027E+00
-9.00 -3.50 2.39121972E+00
-8.50 -3.50 2.29467076E+00
-8.00 -3.50 2.03974731E+00
-7.50 -3.50 1.86690039E+00
-7.00 -3.50 1.81672651E+00
-6.50 -3.50 1.69785570E+00
-6.00 -3.50 1.65590035E+00
-5.50 -3.50 1.46451788E+00
-5.00 -3.50 1.43835272E+00
-4.50 -3.50 1.12875192E+00
-4.00 -3.50 1.22938898E+00
-3.50 -3.50 1.14567416E+00
-3.00 -3.50 9.83117728E-01
-2.50 -3.50 1.13004562E+00
-2.00 -3.50 9.75938383E-01
-1.50 -3.50 9.36551130E-01
-1.00 -3.50 9.37150787E-01
-0.50 -3.50 9.36480205E-01
+0.00 -3.50 9.37030246E-01
+0.50 -3.50 1.08573557E+00
+1.00 -3.50 9.81497432E-01
+1.50 -3.50 1.13441622E+00
+2.00 -3.50 1.06140585E+00
+2.50 -3.50 1.16638827E+00
+3.00 -3.50 1.39655145E+00
+3.50 -3.50 1.51899800E+00
+4.00 -3.50 1.65379339E+00
+4.50 -3.50 1.70105053E+00
+5.00 -3.50 1.88065401E+00
+5.50 -3.50 1.89446738E+00
+6.00 -3.50 2.03733483E+00
+6.50 -3.50 2.16897608E+00
+7.00 -3.50 2.47964024E+00
+7.50 -3.50 2.48003361E+00
+8.00 -3.50 2.80449800E+00
+8.50 -3.50 2.90731148E+00
+9.00 -3.50 3.04568618E+00
+9.50 -3.50 3.23627654E+00
+10.00 -3.50 3.48725819E+00
+10.50 -3.50 3.80378825E+00
+11.00 -3.50 3.78533768E+00
+11.50 -3.50 4.07255608E+00
+12.00 -3.50 4.34386118E+00
+12.50 -3.50 5.02631284E+00
+13.00 -3.50 8.56970429E+00
-15.00 -3.25 5.02631284E+00
-14.50 -3.25 4.38685765E+00
-14.00 -3.25 4.21479967E+00
-13.50 -3.25 4.03544029E+00
-13.00 -3.25 3.81442569E+00
-12.50 -3.25 3.46284309E+00
-12.00 -3.25 3.26999338E+00
-11.50 -3.25 3.17179483E+00
-11.00 -3.25 2.92822796E+00
-10.50 -3.25 2.69489886E+00
-10.00 -3.25 2.29205447E+00
-9.50 -3.25 2.37769985E+00
-9.00 -3.25 2.21052136E+00
-8.50 -3.25 1.81974071E+00
-8.00 -3.25 1.79588694E+00
-7.50 -3.25 1.69108013E+00
-7.00 -3.25 1.36824308E+00
-6.50 -3.25 1.41250948E+00
-6.00 -3.25 1.21229102E+00
-5.50 -3.25 1.19319631E+00
-5.00 -3.25 9.36304368E-01
-4.50 -3.25 9.79688306E-01
-4.00 -3.25 7.65257040E-01
-3.50 -3.25 7.04568994E-01
-3.00 -3.25 8.09968988E-01
-2.50 -3.25 7.44885403E-01
-2.00 -3.25 7.01778194E-01
-1.50 -3.25 7.22374924E-01
-1.00 -3.25 5.26923808E-01
-0.50 -3.25 5.25942728E-01
+0.00 -3.25 5.27049089E-01
+0.50 -3.25 6.08625045E-01
+1.00 -3.25 5.99866065E-01
+1.50 -3.25 7.04405953E-01
+2.00 -3.25 8.22899759E-01
+2.50 -3.25 8.33045622E-01
+3.00 -3.25 9.89546154E-01
+3.50 -3.25 9.86373223E-01
+4.00 -3.25 1.23152386E+00
+4.50 -3.25 1.41933285E+00
+5.00 -3.25 1.46976283E+00
+5.50 -3.25 1.67531726E+00
+6.00 -3.25 1.84018896E+00
+6.50 -3.25 1.93435903E+00
+7.00 -3.25 2.20556460E+00
+7.50 -3.25 2.29797873E+00
+8.00 -3.25 2.31119657E+00
+8.50 -3.25 2.72763577E+00
+9.00 -3.25 2.90228614E+00
+9.50 -3.25 3.12335820E+00
+10.00 -3.25 3.11427106E+00
+10.50 -3.25 3.40423354E+00
+11.00 -3.25 3.53680407E+00
+11.50 -3.25 4.08540500E+00
+12.00 -3.25 4.14826807E+00
+12.50 -3.25 4.56478773E+00
+13.00 -3.25 4.81123570E+00
-15.00 -3.00 4.52638932E+00
-14.50 -3.00 4.15520220E+00
-14.00 -3.00 4.04198776E+00
-13.50 -3.00 3.66743062E+00
-13.00 -3.00 3.34918383E+00
-12.50 -3.00 3.10357154E+00
-12.00 -3.00 3.01609858E+00
-11.50 -3.00 2.61252925E+00
-11.00 -3.00 2.48283895E+00
-10.50 -3.00 2.48471552E+00
-10.00 -3.00 2.21116374E+00
-9.50 -3.00 1.89743917E+00
-9.00 -3.00 1.82060449E+00
-8.50 -3.00 1.53586294E+00
-8.00 -3.00 1.33016170E+00
-7.50 -3.00 1.31530178E+00
-7.00 -3.00 1.22846489E+00
-6.50 -3.00 9.75516744E-01
-6.00 -3.00 7.52212962E-01
-5.50 -3.00 8.05060099E-01
-5.00 -3.00 6.05296510E-01
-4.50 -3.00 6.83365365E-01
-4.00 -3.00 4.11921448E-01
-3.50 -3.00 4.53207962E-01
-3.00 -3.00 5.67929264E-01
-2.50 -3.00 6.76007316E-01
-2.00 -3.00 5.67630342E-01
-1.50 -3.00 5.62361125E-01
-1.00 -3.00 6.27206322E-01
-0.50 -3.00 7.65887070E-01
+0.00 -3.00 5.67144517E-01
+0.50 -3.00 4.52121439E-01
+1.00 -3.00 4.51652281E-01
+1.50 -3.00 4.43488411E-01
+2.00 -3.00 6.50261998E-01
+2.50 -3.00 6.20540498E-01
+3.00 -3.00 5.90877504E-01
+3.50 -3.00 8.68988355E-01
+4.00 -3.00 9.33976530E-01
+4.50 -3.00 9.75475397E-01
+5.00 -3.00 1.13498644E+00
+5.50 -3.00 1.41817390E+00
+6.00 -3.00 1.41042069E+00
+6.50 -3.00 1.55558209E+00
+7.00 -3.00 1.85572336E+00
+7.50 -3.00 2.08281050E+00
+8.00 -3.00 2.10805190E+00
+8.50 -3.00 2.31619727E+00
+9.00 -3.00 2.41478500E+00
+9.50 -3.00 2.79847213E+00
+10.00 -3.00 3.00768020E+00
+10.50 -3.00 3.31179333E+00
+11.00 -3.00 3.24512276E+00
+11.50 -3.00 3.46766568E+00
+12.00 -3.00 3.97799101E+00
+12.50 -3.00 4.27632944E+00
+13.00 -3.00 4.56478773E+00
-15.00 -2.75 4.19739733E+00
-14.50 -2.75 3.99941220E+00
-14.00 -2.75 3.46972061E+00
-13.50 -2.75 3.40692158E+00
-13.00 -2.75 3.27690951E+00
-12.50 -2.75 2.93263386E+00
-12.00 -2.75 2.83430832E+00
-11.50 -2.75 2.38263989E+00
-11.00 -2.75 2.44685200E+00
-10.50 -2.75 2.18328946E+00
-10.00 -2.75 1.85529228E+00
-9.50 -2.75 1.63446857E+00
-9.00 -2.75 1.39002265E+00
-8.50 -2.75 1.33366094E+00
-8.00 -2.75 1.21326898E+00
-7.50 -2.75 1.03991585E+00
-7.00 -2.75 9.34162648E-01
-6.50 -2.75 8.09572359E-01
-6.00 -2.75 4.95479060E-01
-5.50 -2.75 5.02477039E-01
-5.00 -2.75 6.46490110E-01
-4.50 -2.75 6.27313890E-01
-4.00 -2.75 7.39759397E-01
-3.50 -2.75 5.62140935E-01
-3.00 -2.75 4.53060052E-01
-2.50 -2.75 5.68448450E-01
-2.00 -2.75 5.62306075E-01
-1.50 -2.75 7.41458476E-01
-1.00 -2.75 6.76188458E-01
-0.50 -2.75 7.40543956E-01
+0.00 -2.75 7.66370299E-01
+0.50 -2.75 7.81615627E-01
+1.00 -2.75 5.62902174E-01
+1.50 -2.75 6.46231411E-01
+2.00 -2.75 5.62188641E-01
+2.50 -2.75 6.28013647E-01
+3.00 -2.75 5.67861524E-01
+3.50 -2.75 7.66692271E-01
+4.00 -2.75 6.84153883E-01
+4.50 -2.75 5.98002897E-01
+5.00 -2.75 9.32581672E-01
+5.50 -2.75 9.73258183E-01
+6.00 -2.75 1.14577563E+00
+6.50 -2.75 1.33258966E+00
+7.00 -2.75 1.52876989E+00
+7.50 -2.75 1.58542194E+00
+8.00 -2.75 1.81982933E+00
+8.50 -2.75 2.03720503E+00
+9.00 -2.75 2.40048191E+00
+9.50 -2.75 2.55838366E+00
+10.00 -2.75 2.63662639E+00
+10.50 -2.75 3.10816961E+00
+11.00 -2.75 3.17779429E+00
+11.50 -2.75 3.36660357E+00
+12.00 -2.75 3.70367317E+00
+12.50 -2.75 3.97799101E+00
+13.00 -2.75 4.28226557E+00
-15.00 -2.50 3.96466206E+00
-14.50 -2.50 3.51575829E+00
-14.00 -2.50 3.40817057E+00
-13.50 -2.50 3.20975100E+00
-13.00 -2.50 3.05594822E+00
-12.50 -2.50 2.88930043E+00
-12.00 -2.50 2.53145621E+00
-11.50 -2.50 2.22009971E+00
-11.00 -2.50 1.98994949E+00
-10.50 -2.50 1.97507621E+00
-10.00 -2.50 1.71148835E+00
-9.50 -2.50 1.36961857E+00
-9.00 -2.50 1.16549422E+00
-8.50 -2.50 1.14673055E+00
-8.00 -2.50 8.30437449E-01
-7.50 -2.50 7.04299946E-01
-7.00 -2.50 6.84772486E-01
-6.50 -2.50 6.57592524E-01
-6.00 -2.50 4.43488411E-01
-5.50 -2.50 6.28229665E-01
-5.00 -2.50 6.76620136E-01
-4.50 -2.50 7.81373249E-01
-4.00 -2.50 5.66987021E-01
-3.50 -2.50 6.47214698E-01
-3.00 -2.50 5.68255486E-01
-2.50 -2.50 6.26861540E-01
-2.00 -2.50 6.27348985E-01
-1.50 -2.50 5.67910120E-01
-1.00 -2.50 6.46761211E-01
-0.50 -2.50 7.66665367E-01
+0.00 -2.50 4.43655048E-01
+0.50 -2.50 6.45774353E-01
+1.00 -2.50 5.62371401E-01
+1.50 -2.50 5.66736086E-01
+2.00 -2.50 4.52356749E-01
+2.50 -2.50 4.52880907E-01
+3.00 -2.50 5.24696774E-01
+3.50 -2.50 6.46179676E-01
+4.00 -2.50 6.27654955E-01
+4.50 -2.50 6.20538979E-01
+5.00 -2.50 5.30976592E-01
+5.50 -2.50 5.98355128E-01
+6.00 -2.50 9.78759146E-01
+6.50 -2.50 9.88334203E-01
+7.00 -2.50 1.31069893E+00
+7.50 -2.50 1.53905651E+00
+8.00 -2.50 1.76448119E+00
+8.50 -2.50 1.80492129E+00
+9.00 -2.50 2.03573970E+00
+9.50 -2.50 2.29882286E+00
+10.00 -2.50 2.58751852E+00
+10.50 -2.50 2.70296008E+00
+11.00 -2.50 3.01895285E+00
+11.50 -2.50 3.23451387E+00
+12.00 -2.50 3.55603077E+00
+12.50 -2.50 3.70011711E+00
+13.00 -2.50 4.03760360E+00
-15.00 -2.25 3.64107692E+00
-14.50 -2.25 3.46562528E+00
-14.00 -2.25 3.18113352E+00
-13.50 -2.25 3.06461550E+00
-13.00 -2.25 2.84695212E+00
-12.50 -2.25 2.39543847E+00
-12.00 -2.25 2.38226522E+00
-11.50 -2.25 2.18917669E+00
-11.00 -2.25 1.85003851E+00
-10.50 -2.25 1.76324902E+00
-10.00 -2.25 1.54325878E+00
-9.50 -2.25 1.30966408E+00
-9.00 -2.25 9.87798178E-01
-8.50 -2.25 8.44781223E-01
-8.00 -2.25 7.44652204E-01
-7.50 -2.25 4.63872635E-01
-7.00 -2.25 4.43117843E-01
-6.50 -2.25 5.62842702E-01
-6.00 -2.25 6.25792579E-01
-5.50 -2.25 5.24627738E-01
-5.00 -2.25 4.52147120E-01
-4.50 -2.25 7.81653051E-01
-4.00 -2.25 4.51498925E-01
-3.50 -2.25 5.57744304E-01
-3.00 -2.25 7.65815651E-01
-2.50 -2.25 4.44029854E-01
-2.00 -2.25 6.27030870E-01
-1.50 -2.25 4.52579588E-01
-1.00 -2.25 6.26303334E-01
-0.50 -2.25 5.25034799E-01
+0.00 -2.25 7.41013096E-01
+0.50 -2.25 4.52860077E-01
+1.00 -2.25 6.76925065E-01
+1.50 -2.25 7.66823436E-01
+2.00 -2.25 7.40080747E-01
+2.50 -2.25 6.47438787E-01
+3.00 -2.25 5.66928883E-01
+3.50 -2.25 7.39996695E-01
+4.00 -2.25 4.54681350E-01
+4.50 -2.25 7.41102985E-01
+5.00 -2.25 4.53053802E-01
+5.50 -2.25 6.98881644E-01
+6.00 -2.25 7.32467947E-01
+6.50 -2.25 7.87830257E-01
+7.00 -2.25 9.80476427E-01
+7.50 -2.25 1.23349538E+00
+8.00 -2.25 1.36637752E+00
+8.50 -2.25 1.58509611E+00
+9.00 -2.25 1.84984426E+00
+9.50 -2.25 2.20460962E+00
+10.00 -2.25 2.31694919E+00
+10.50 -2.25 2.61554570E+00
+11.00 -2.25 2.74187277E+00
+11.50 -2.25 2.94731161E+00
+12.00 -2.25 3.39631384E+00
+12.50 -2.25 3.46920551E+00
+13.00 -2.25 3.73528864E+00
-15.00 -2.00 3.59451213E+00
-14.50 -2.00 3.37918904E+00
-14.00 -2.00 3.20142430E+00
-13.50 -2.00 3.04310579E+00
-13.00 -2.00 2.58405931E+00
-12.50 -2.00 2.50496070E+00
-12.00 -2.00 2.10160376E+00
-11.50 -2.00 1.79869146E+00
-11.00 -2.00 1.79401359E+00
-10.50 -2.00 1.41229200E+00
-10.00 -2.00 1.31784960E+00
-9.50 -2.00 1.13050261E+00
-9.00 -2.00 7.87700351E-01
-8.50 -2.00 5.84387700E-01
-8.00 -2.00 5.19516657E-01
-7.50 -2.00 6.46016762E-01
-7.00 -2.00 7.02720419E-01
-6.50 -2.00 5.67277001E-01
-6.00 -2.00 7.81979707E-01
-5.50 -2.00 7.40957846E-01
-5.00 -2.00 6.27682426E-01
-4.50 -2.00 5.62380209E-01
-4.00 -2.00 6.76583895E-01
-3.50 -2.00 4.52429638E-01
-3.00 -2.00 4.87749197E-01
-2.50 -2.00 5.88229886E-01
-2.00 -2.00 7.70002348E-01
-1.50 -2.00 6.37861256E-01
-1.00 -2.00 8.09004601E-01
-0.50 -2.00 6.69105001E-01
+0.00 -2.00 7.00384041E-01
+0.50 -2.00 6.38888453E-01
+1.00 -2.00 7.29168659E-01
+1.50 -2.00 5.24552233E-01
+2.00 -2.00 7.83042764E-01
+2.50 -2.00 6.28595358E-01
+3.00 -2.00 7.66048407E-01
+3.50 -2.00 5.62356721E-01
+4.00 -2.00 5.61745396E-01
+4.50 -2.00 5.68366695E-01
+5.00 -2.00 5.62348647E-01
+5.50 -2.00 7.81475297E-01
+6.00 -2.00 6.19721740E-01
+6.50 -2.00 6.07712758E-01
+7.00 -2.00 7.88077287E-01
+7.50 -2.00 1.12544739E+00
+8.00 -2.00 1.40984993E+00
+8.50 -2.00 1.48719999E+00
+9.00 -2.00 1.60174504E+00
+9.50 -2.00 1.97384386E+00
+10.00 -2.00 2.06519556E+00
+10.50 -2.00 2.33415705E+00
+11.00 -2.00 2.60256231E+00
+11.50 -2.00 2.85928285E+00
+12.00 -2.00 3.11627723E+00
+12.50 -2.00 3.34075804E+00
+13.00 -2.00 3.47413663E+00
-15.00 -1.75 3.60346752E+00
-14.50 -1.75 3.29894189E+00
-14.00 -1.75 3.17750135E+00
-13.50 -1.75 2.79668402E+00
-13.00 -1.75 2.39439080E+00
-12.50 -1.75 2.37763635E+00
-12.00 -1.75 1.90755698E+00
-11.50 -1.75 1.90436242E+00
-11.00 -1.75 1.61149214E+00
-10.50 -1.75 1.32190586E+00
-10.00 -1.75 1.22711998E+00
-9.50 -1.75 9.59800760E-01
-9.00 -1.75 8.41732861E-01
-8.50 -1.75 4.77196083E-01
-8.00 -1.75 5.66607321E-01
-7.50 -1.75 4.53448249E-01
-7.00 -1.75 4.52530297E-01
-6.50 -1.75 6.46005953E-01
-6.00 -1.75 5.87213987E-01
-5.50 -1.75 6.77308089E-01
-5.00 -1.75 5.63181939E-01
-4.50 -1.75 6.76620136E-01
-4.00 -1.75 7.79585319E-01
-3.50 -1.75 7.70730820E-01
-3.00 -1.75 8.14931537E-01
-2.50 -1.75 9.65691648E-01
-2.00 -1.75 1.09525257E+00
-1.50 -1.75 1.18758107E+00
-1.00 -1.75 1.15722854E+00
-0.50 -1.75 1.13306609E+00
+0.00 -1.75 1.10635245E+00
+0.50 -1.75 1.10859253E+00
+1.00 -1.75 8.65182735E-01
+1.50 -1.75 6.67938266E-01
+2.00 -1.75 5.43588755E-01
+2.50 -1.75 6.26541234E-01
+3.00 -1.75 7.82806074E-01
+3.50 -1.75 4.43355663E-01
+4.00 -1.75 7.40609082E-01
+4.50 -1.75 4.43842443E-01
+5.00 -1.75 6.15732627E-01
+5.50 -1.75 7.66479576E-01
+6.00 -1.75 7.40101349E-01
+6.50 -1.75 4.66203282E-01
+7.00 -1.75 8.39656519E-01
+7.50 -1.75 7.95717075E-01
+8.00 -1.75 1.22879014E+00
+8.50 -1.75 1.43593619E+00
+9.00 -1.75 1.53759161E+00
+9.50 -1.75 1.81554303E+00
+10.00 -1.75 1.90903947E+00
+10.50 -1.75 2.40886993E+00
+11.00 -1.75 2.49760622E+00
+11.50 -1.75 2.80083863E+00
+12.00 -1.75 3.02742122E+00
+12.50 -1.75 3.40075511E+00
+13.00 -1.75 3.48182986E+00
-15.00 -1.50 3.61703241E+00
-14.50 -1.50 3.24964292E+00
-14.00 -1.50 3.10652547E+00
-13.50 -1.50 2.59662370E+00
-13.00 -1.50 2.29720637E+00
-12.50 -1.50 2.14245358E+00
-12.00 -1.50 2.08487664E+00
-11.50 -1.50 1.79853353E+00
-11.00 -1.50 1.52637500E+00
-10.50 -1.50 1.23456082E+00
-10.00 -1.50 9.80108629E-01
-9.50 -1.50 7.87007459E-01
-9.00 -1.50 6.06174325E-01
-8.50 -1.50 6.49398242E-01
-8.00 -1.50 5.67153349E-01
-7.50 -1.50 5.67631814E-01
-7.00 -1.50 5.25054219E-01
-6.50 -1.50 5.67309388E-01
-6.00 -1.50 6.46538766E-01
-5.50 -1.50 6.67932783E-01
-5.00 -1.50 5.62173228E-01
-4.50 -1.50 6.78677067E-01
-4.00 -1.50 9.46898505E-01
-3.50 -1.50 1.10875358E+00
-3.00 -1.50 1.21907165E+00
-2.50 -1.50 1.31229980E+00
-2.00 -1.50 1.48347972E+00
-1.50 -1.50 1.62735369E+00
-1.00 -1.50 1.57022188E+00
-0.50 -1.50 1.51337473E+00
+0.00 -1.50 1.39141869E+00
+0.50 -1.50 1.31503244E+00
+1.00 -1.50 1.29888325E+00
+1.50 -1.50 1.08002848E+00
+2.00 -1.50 9.20067474E-01
+2.50 -1.50 5.46200678E-01
+3.00 -1.50 4.52460876E-01
+3.50 -1.50 6.57037196E-01
+4.00 -1.50 5.60897374E-01
+4.50 -1.50 6.28451819E-01
+5.00 -1.50 5.66635280E-01
+5.50 -1.50 6.47063264E-01
+6.00 -1.50 4.53815676E-01
+6.50 -1.50 6.51285820E-01
+7.00 -1.50 7.00440101E-01
+7.50 -1.50 7.86927172E-01
+8.00 -1.50 1.15324582E+00
+8.50 -1.50 1.12977867E+00
+9.00 -1.50 1.41101904E+00
+9.50 -1.50 1.85932913E+00
+10.00 -1.50 1.93892476E+00
+10.50 -1.50 2.30947026E+00
+11.00 -1.50 2.34351488E+00
+11.50 -1.50 2.59962751E+00
+12.00 -1.50 2.97846089E+00
+12.50 -1.50 3.13059932E+00
+13.00 -1.50 3.49391082E+00
-15.00 -1.25 3.47942020E+00
-14.50 -1.25 3.19661580E+00
-14.00 -1.25 2.92244047E+00
-13.50 -1.25 2.50917067E+00
-13.00 -1.25 2.47325119E+00
-12.50 -1.25 2.21585404E+00
-12.00 -1.25 1.97575970E+00
-11.50 -1.25 1.63284310E+00
-11.00 -1.25 1.32805178E+00
-10.50 -1.25 1.23134462E+00
-10.00 -1.25 1.05046908E+00
-9.50 -1.25 8.68467421E-01
-9.00 -1.25 6.21913877E-01
-8.50 -1.25 5.67952827E-01
-8.00 -1.25 5.24440779E-01
-7.50 -1.25 6.46801379E-01
-7.00 -1.25 5.67837226E-01
-6.50 -1.25 7.80862279E-01
-6.00 -1.25 4.53348242E-01
-5.50 -1.25 4.53077412E-01
-5.00 -1.25 6.98618467E-01
-4.50 -1.25 8.28490099E-01
-4.00 -1.25 1.06793463E+00
-3.50 -1.25 1.21942349E+00
-3.00 -1.25 1.42522559E+00
-2.50 -1.25 1.69011477E+00
-2.00 -1.25 1.85762349E+00
-1.50 -1.25 1.85431925E+00
-1.00 -1.25 2.01912720E+00
-0.50 -1.25 1.79024832E+00
+0.00 -1.25 1.78412719E+00
+0.50 -1.25 1.76363768E+00
+1.00 -1.25 1.45581597E+00
+1.50 -1.25 1.17621243E+00
+2.00 -1.25 1.10788612E+00
+2.50 -1.25 7.95362787E-01
+3.00 -1.25 7.79823962E-01
+3.50 -1.25 6.77098438E-01
+4.00 -1.25 4.52437968E-01
+4.50 -1.25 6.46354191E-01
+5.00 -1.25 6.28294552E-01
+5.50 -1.25 4.52080487E-01
+6.00 -1.25 6.28331959E-01
+6.50 -1.25 6.27517605E-01
+7.00 -1.25 4.96430799E-01
+7.50 -1.25 8.68685819E-01
+8.00 -1.25 1.03754379E+00
+8.50 -1.25 1.14903148E+00
+9.00 -1.25 1.52809481E+00
+9.50 -1.25 1.71395495E+00
+10.00 -1.25 1.93311932E+00
+10.50 -1.25 2.10123320E+00
+11.00 -1.25 2.27580806E+00
+11.50 -1.25 2.61906943E+00
+12.00 -1.25 3.06647351E+00
+12.50 -1.25 3.10233584E+00
+13.00 -1.25 3.31224638E+00
-15.00 -1.00 3.45221718E+00
-14.50 -1.00 3.23474832E+00
-14.00 -1.00 2.83198513E+00
-13.50 -1.00 2.56498589E+00
-13.00 -1.00 2.37478867E+00
-12.50 -1.00 2.14790881E+00
-12.00 -1.00 1.83538274E+00
-11.50 -1.00 1.61394895E+00
-11.00 -1.00 1.36863148E+00
-10.50 -1.00 1.21449175E+00
-10.00 -1.00 9.36651212E-01
-9.50 -1.00 7.63738656E-01
-9.00 -1.00 4.65832360E-01
-8.50 -1.00 5.67237991E-01
-8.00 -1.00 6.45982792E-01
-7.50 -1.00 7.80790028E-01
-7.00 -1.00 4.51877825E-01
-6.50 -1.00 4.51978460E-01
-6.00 -1.00 5.63122458E-01
-5.50 -1.00 4.53095466E-01
-5.00 -1.00 6.74089366E-01
-4.50 -1.00 7.91063392E-01
-4.00 -1.00 1.05810955E+00
-3.50 -1.00 1.31124057E+00
-3.00 -1.00 1.54866197E+00
-2.50 -1.00 1.83894348E+00
-2.00 -1.00 1.98491436E+00
-1.50 -1.00 1.99624740E+00
-1.00 -1.00 2.01986878E+00
-0.50 -1.00 2.02712139E+00
+0.00 -1.00 1.93796084E+00
+0.50 -1.00 1.81863916E+00
+1.00 -1.00 1.54324847E+00
+1.50 -1.00 1.27189198E+00
+2.00 -1.00 1.09698603E+00
+2.50 -1.00 8.14855549E-01
+3.00 -1.00 5.87025620E-01
+3.50 -1.00 7.65769441E-01
+4.00 -1.00 5.24498303E-01
+4.50 -1.00 6.77302571E-01
+5.00 -1.00 4.51994423E-01
+5.50 -1.00 5.66410880E-01
+6.00 -1.00 7.82371973E-01
+6.50 -1.00 5.66476358E-01
+7.00 -1.00 6.61987083E-01
+7.50 -1.00 8.40300359E-01
+8.00 -1.00 9.76322850E-01
+8.50 -1.00 1.14471074E+00
+9.00 -1.00 1.54200450E+00
+9.50 -1.00 1.67285929E+00
+10.00 -1.00 1.83587261E+00
+10.50 -1.00 2.08129951E+00
+11.00 -1.00 2.28270926E+00
+11.50 -1.00 2.78435074E+00
+12.00 -1.00 3.01397389E+00
+12.50 -1.00 3.15318396E+00
+13.00 -1.00 3.33827590E+00
-15.00 -0.75 3.35348756E+00
-14.50 -0.75 3.11499184E+00
-14.00 -0.75 2.79301048E+00
-13.50 -0.75 2.60415907E+00
-13.00 -0.75 2.34206256E+00
-12.50 -0.75 2.11182456E+00
-12.00 -0.75 1.85542893E+00
-11.50 -0.75 1.58380544E+00
-11.00 -0.75 1.34255843E+00
-10.50 -0.75 1.14675353E+00
-10.00 -0.75 9.04316689E-01
-9.50 -0.75 5.98774154E-01
-9.00 -0.75 6.21377914E-01
-8.50 -0.75 6.76891969E-01
-8.00 -0.75 4.44040228E-01
-7.50 -0.75 6.45721861E-01
-7.00 -0.75 7.82507295E-01
-6.50 -0.75 7.39943958E-01
-6.00 -0.75 7.81815518E-01
-5.50 -0.75 7.82641779E-01
-5.00 -0.75 7.95032667E-01
-4.50 -0.75 8.72885482E-01
-4.00 -0.75 1.08115089E+00
-3.50 -0.75 1.36741584E+00
-3.00 -0.75 1.55042517E+00
-2.50 -0.75 1.77146445E+00
-2.00 -0.75 1.89986758E+00
-1.50 -0.75 2.02566135E+00
-1.00 -0.75 2.02731215E+00
-0.50 -0.75 1.91865903E+00
+0.00 -0.75 1.84049567E+00
+0.50 -0.75 1.65340483E+00
+1.00 -0.75 1.61967551E+00
+1.50 -0.75 1.41261655E+00
+2.00 -0.75 1.04675845E+00
+2.50 -0.75 7.62613384E-01
+3.00 -0.75 8.01360458E-01
+3.50 -0.75 4.11216896E-01
+4.00 -0.75 5.63033607E-01
+4.50 -0.75 6.26676975E-01
+5.00 -0.75 7.66262713E-01
+5.50 -0.75 7.81502512E-01
+6.00 -0.75 7.66151773E-01
+6.50 -0.75 4.43182826E-01
+7.00 -0.75 7.82206883E-01
+7.50 -0.75 7.64477903E-01
+8.00 -0.75 9.89286474E-01
+8.50 -0.75 1.18116420E+00
+9.00 -0.75 1.36823829E+00
+9.50 -0.75 1.63308082E+00
+10.00 -0.75 1.93618538E+00
+10.50 -0.75 2.22190095E+00
+11.00 -0.75 2.48483910E+00
+11.50 -0.75 2.78562280E+00
+12.00 -0.75 2.89068762E+00
+12.50 -0.75 3.15138166E+00
+13.00 -0.75 3.35158627E+00
-15.00 -0.50 3.50273926E+00
-14.50 -0.50 3.20910253E+00
-14.00 -0.50 2.98670684E+00
-13.50 -0.50 2.52970028E+00
-13.00 -0.50 2.49763458E+00
-12.50 -0.50 2.19375538E+00
-12.00 -0.50 1.85465856E+00
-11.50 -0.50 1.58241001E+00
-11.00 -0.50 1.52518685E+00
-10.50 -0.50 1.23532923E+00
-10.00 -0.50 1.12903635E+00
-9.50 -0.50 6.95294118E-01
-9.00 -0.50 5.27057729E-01
-8.50 -0.50 6.27724397E-01
-8.00 -0.50 6.27448171E-01
-7.50 -0.50 7.40761603E-01
-7.00 -0.50 7.65501456E-01
-6.50 -0.50 6.27701504E-01
-6.00 -0.50 7.82694556E-01
-5.50 -0.50 6.28555655E-01
-5.00 -0.50 5.86461390E-01
-4.50 -0.50 7.40816021E-01
-4.00 -0.50 7.90703557E-01
-3.50 -0.50 1.08767977E+00
-3.00 -0.50 1.33819616E+00
-2.50 -0.50 1.48185080E+00
-2.00 -0.50 1.54303205E+00
-1.50 -0.50 1.68593147E+00
-1.00 -0.50 1.70992091E+00
-0.50 -0.50 1.72041518E+00
+0.00 -0.50 1.51404668E+00
+0.50 -0.50 1.48273437E+00
+1.00 -0.50 1.31622212E+00
+1.50 -0.50 1.11711771E+00
+2.00 -0.50 9.32286466E-01
+2.50 -0.50 6.98387326E-01
+3.00 -0.50 6.51804962E-01
+3.50 -0.50 7.81591813E-01
+4.00 -0.50 4.43347366E-01
+4.50 -0.50 4.54304052E-01
+5.00 -0.50 6.46977509E-01
+5.50 -0.50 6.77549302E-01
+6.00 -0.50 4.42842721E-01
+6.50 -0.50 4.53097549E-01
+7.00 -0.50 5.30486740E-01
+7.50 -0.50 8.28185419E-01
+8.00 -0.50 1.08545429E+00
+8.50 -0.50 1.24132151E+00
+9.00 -0.50 1.52827611E+00
+9.50 -0.50 1.57977021E+00
+10.00 -0.50 1.85648120E+00
+10.50 -0.50 2.13624438E+00
+11.00 -0.50 2.30804740E+00
+11.50 -0.50 2.53010007E+00
+12.00 -0.50 2.94639649E+00
+12.50 -0.50 3.05856477E+00
+13.00 -0.50 3.42757413E+00
-15.00 -0.25 3.47703057E+00
-14.50 -0.25 3.11451114E+00
-14.00 -0.25 2.95640311E+00
-13.50 -0.25 2.79844068E+00
-13.00 -0.25 2.47265111E+00
-12.50 -0.25 2.25018822E+00
-12.00 -0.25 2.11027123E+00
-11.50 -0.25 1.81037276E+00
-11.00 -0.25 1.65373681E+00
-10.50 -0.25 1.33105626E+00
-10.00 -0.25 1.14698336E+00
-9.50 -0.25 9.79252974E-01
-9.00 -0.25 8.10009875E-01
-8.50 -0.25 4.64581756E-01
-8.00 -0.25 4.43551330E-01
-7.50 -0.25 5.62539499E-01
-7.00 -0.25 4.44014639E-01
-6.50 -0.25 6.76523234E-01
-6.00 -0.25 4.51640484E-01
-5.50 -0.25 5.67932946E-01
-5.00 -0.25 4.11677253E-01
-4.50 -0.25 6.74898112E-01
-4.00 -0.25 8.14194562E-01
-3.50 -0.25 9.22277207E-01
-3.00 -0.25 1.04855603E+00
-2.50 -0.25 1.09995667E+00
-2.00 -0.25 1.21666159E+00
-1.50 -0.25 1.31442417E+00
-1.00 -0.25 1.26040999E+00
-0.50 -0.25 1.36560174E+00
+0.00 -0.25 1.26761912E+00
+0.50 -0.25 1.10354860E+00
+1.00 -0.25 1.06677378E+00
+1.50 -0.25 9.47804479E-01
+2.00 -0.25 6.75133424E-01
+2.50 -0.25 6.28080052E-01
+3.00 -0.25 6.51098352E-01
+3.50 -0.25 4.53055191E-01
+4.00 -0.25 5.66637488E-01
+4.50 -0.25 5.66865596E-01
+5.00 -0.25 4.52968395E-01
+5.50 -0.25 7.82321763E-01
+6.00 -0.25 4.52649707E-01
+6.50 -0.25 6.98567277E-01
+7.00 -0.25 7.04198765E-01
+7.50 -0.25 9.75984794E-01
+8.00 -0.25 9.85556078E-01
+8.50 -0.25 1.40986855E+00
+9.00 -0.25 1.42517888E+00
+9.50 -0.25 1.90365600E+00
+10.00 -0.25 2.06139365E+00
+10.50 -0.25 2.10936022E+00
+11.00 -0.25 2.42555499E+00
+11.50 -0.25 2.78787507E+00
+12.00 -0.25 3.14985771E+00
+12.50 -0.25 3.35400821E+00
+13.00 -0.25 3.64974575E+00
-15.00 +0.00 3.76809212E+00
-14.50 +0.00 3.27038816E+00
-14.00 +0.00 3.02815727E+00
-13.50 +0.00 2.92020607E+00
-13.00 +0.00 2.70383168E+00
-12.50 +0.00 2.50561107E+00
-12.00 +0.00 2.10915737E+00
-11.50 +0.00 1.93270540E+00
-11.00 +0.00 1.56079978E+00
-10.50 +0.00 1.34291500E+00
-10.00 +0.00 1.14075114E+00
-9.50 +0.00 9.86123527E-01
-9.00 +0.00 7.72425425E-01
-8.50 +0.00 8.08583950E-01
-8.00 +0.00 4.57178153E-01
-7.50 +0.00 7.41145045E-01
-7.00 +0.00 6.46277742E-01
-6.50 +0.00 5.61236975E-01
-6.00 +0.00 5.25028326E-01
-5.50 +0.00 6.47923392E-01
-5.00 +0.00 7.81453186E-01
-4.50 +0.00 6.01536062E-01
-4.00 +0.00 7.39254455E-01
-3.50 +0.00 6.09457855E-01
-3.00 +0.00 6.52791041E-01
-2.50 +0.00 8.08710825E-01
-2.00 +0.00 8.73809511E-01
-1.50 +0.00 7.91361620E-01
-1.00 +0.00 7.91517617E-01
-0.50 +0.00 8.14948133E-01
+0.00 +0.00 9.30641577E-01
+0.50 +0.00 7.40087340E-01
+1.00 +0.00 6.74775356E-01
+1.50 +0.00 4.87884717E-01
+2.00 +0.00 6.45796739E-01
+2.50 +0.00 5.67340303E-01
+3.00 +0.00 4.53430192E-01
+3.50 +0.00 6.52916672E-01
+4.00 +0.00 6.75718323E-01
+4.50 +0.00 5.67468385E-01
+5.00 +0.00 6.27690057E-01
+5.50 +0.00 4.52248461E-01
+6.00 +0.00 7.67540034E-01
+6.50 +0.00 6.04920231E-01
+7.00 +0.00 7.52356831E-01
+7.50 +0.00 1.08551641E+00
+8.00 +0.00 1.15547980E+00
+8.50 +0.00 1.51914501E+00
+9.00 +0.00 1.71250578E+00
+9.50 +0.00 1.97403292E+00
+10.00 +0.00 2.16913416E+00
+10.50 +0.00 2.49316499E+00
+11.00 +0.00 2.56490183E+00
+11.50 +0.00 2.74481510E+00
+12.00 +0.00 3.03604951E+00
+12.50 +0.00 3.33860566E+00
+13.00 +0.00 3.56998623E+00
-15.00 +0.25 3.60181765E+00
-14.50 +0.25 3.59652226E+00
-14.00 +0.25 3.22076261E+00
-13.50 +0.25 3.10041450E+00
-13.00 +0.25 2.90114651E+00
-12.50 +0.25 2.54804016E+00
-12.00 +0.25 2.16904853E+00
-11.50 +0.25 1.93908491E+00
-11.00 +0.25 1.79427679E+00
-10.50 +0.25 1.67486104E+00
-10.00 +0.25 1.34608843E+00
-9.50 +0.25 1.14630373E+00
-9.00 +0.25 9.36624004E-01
-8.50 +0.25 7.66373661E-01
-8.00 +0.25 5.15951190E-01
-7.50 +0.25 5.01371775E-01
-7.00 +0.25 5.67223270E-01
-6.50 +0.25 5.67511818E-01
-6.00 +0.25 6.46854679E-01
-5.50 +0.25 5.87078480E-01
-5.00 +0.25 6.47002230E-01
-4.50 +0.25 7.66848662E-01
-4.00 +0.25 4.57727122E-01
-3.50 +0.25 6.76682377E-01
-3.00 +0.25 6.20705363E-01
-2.50 +0.25 7.40530766E-01
-2.00 +0.25 6.50936467E-01
-1.50 +0.25 4.53256573E-01
-1.00 +0.25 7.29314180E-01
-0.50 +0.25 4.52903126E-01
+0.00 +0.25 5.64219145E-01
+0.50 +0.25 6.27727450E-01
+1.00 +0.25 4.57234505E-01
+1.50 +0.25 4.53121853E-01
+2.00 +0.25 4.58943834E-01
+2.50 +0.25 5.67868887E-01
+3.00 +0.25 7.40868791E-01
+3.50 +0.25 5.67334414E-01
+4.00 +0.25 7.82779684E-01
+4.50 +0.25 6.46719500E-01
+5.00 +0.25 7.66698997E-01
+5.50 +0.25 7.91929131E-01
+6.00 +0.25 6.08816614E-01
+6.50 +0.25 7.66234977E-01
+7.00 +0.25 9.38054311E-01
+7.50 +0.25 1.21346130E+00
+8.00 +0.25 1.43657778E+00
+8.50 +0.25 1.67389112E+00
+9.00 +0.25 1.81326473E+00
+9.50 +0.25 2.02394802E+00
+10.00 +0.25 2.38399146E+00
+10.50 +0.25 2.40063841E+00
+11.00 +0.25 2.79344436E+00
+11.50 +0.25 3.05681808E+00
+12.00 +0.25 3.23194667E+00
+12.50 +0.25 3.42074438E+00
+13.00 +0.25 3.87989865E+00
-15.00 +0.50 3.72997338E+00
-14.50 +0.50 3.47153078E+00
-14.00 +0.50 3.32207710E+00
-13.50 +0.50 2.99789648E+00
-13.00 +0.50 2.91538500E+00
-12.50 +0.50 2.50962334E+00
-12.00 +0.50 2.44351413E+00
-11.50 +0.50 2.19523841E+00
-11.00 +0.50 1.90633312E+00
-10.50 +0.50 1.82015108E+00
-10.00 +0.50 1.42249018E+00
-9.50 +0.50 1.41995253E+00
-9.00 +0.50 1.12856235E+00
-8.50 +0.50 1.03863827E+00
-8.00 +0.50 9.34470008E-01
-7.50 +0.50 5.89462591E-01
-7.00 +0.50 6.76732803E-01
-6.50 +0.50 6.75268017E-01
-6.00 +0.50 7.66297173E-01
-5.50 +0.50 5.68414569E-01
-5.00 +0.50 6.77088193E-01
-4.50 +0.50 6.28509844E-01
-4.00 +0.50 6.46923432E-01
-3.50 +0.50 4.43381244E-01
-3.00 +0.50 5.62758269E-01
-2.50 +0.50 4.12055151E-01
-2.00 +0.50 5.67834281E-01
-1.50 +0.50 4.53321852E-01
-1.00 +0.50 4.53332269E-01
-0.50 +0.50 7.39425768E-01
+0.00 +0.50 5.63094554E-01
+0.50 +0.50 6.75656910E-01
+1.00 +0.50 6.75675019E-01
+1.50 +0.50 7.81043348E-01
+2.00 +0.50 7.66152614E-01
+2.50 +0.50 6.28074709E-01
+3.00 +0.50 5.61978012E-01
+3.50 +0.50 5.62610706E-01
+4.00 +0.50 5.62027915E-01
+4.50 +0.50 7.40462347E-01
+5.00 +0.50 6.23154498E-01
+5.50 +0.50 5.84010868E-01
+6.00 +0.50 9.54425112E-01
+6.50 +0.50 1.03726473E+00
+7.00 +0.50 1.06160730E+00
+7.50 +0.50 1.34637069E+00
+8.00 +0.50 1.56230353E+00
+8.50 +0.50 1.81632521E+00
+9.00 +0.50 2.02206149E+00
+9.50 +0.50 2.30935302E+00
+10.00 +0.50 2.39172285E+00
+10.50 +0.50 2.60237707E+00
+11.00 +0.50 2.76714268E+00
+11.50 +0.50 3.25863398E+00
+12.00 +0.50 3.32379954E+00
+12.50 +0.50 3.77345852E+00
+13.00 +0.50 3.72476145E+00
-15.00 +0.75 4.21479967E+00
-14.50 +0.75 4.02080338E+00
-14.00 +0.75 3.60596087E+00
-13.50 +0.75 3.50273926E+00
-13.00 +0.75 2.99244779E+00
-12.50 +0.75 2.74066493E+00
-12.00 +0.75 2.52447878E+00
-11.50 +0.75 2.39486468E+00
-11.00 +0.75 2.23564553E+00
-10.50 +0.75 2.02268630E+00
-10.00 +0.75 1.69205756E+00
-9.50 +0.75 1.55723796E+00
-9.00 +0.75 1.47065478E+00
-8.50 +0.75 1.29619300E+00
-8.00 +0.75 9.82074798E-01
-7.50 +0.75 9.79677168E-01
-7.00 +0.75 8.42370679E-01
-6.50 +0.75 5.68251068E-01
-6.00 +0.75 5.00424082E-01
-5.50 +0.75 7.82234113E-01
-5.00 +0.75 5.62569596E-01
-4.50 +0.75 7.40459874E-01
-4.00 +0.75 6.75944316E-01
-3.50 +0.75 5.61921507E-01
-3.00 +0.75 6.27452749E-01
-2.50 +0.75 5.67505928E-01
-2.00 +0.75 7.66804938E-01
-1.50 +0.75 6.28290735E-01
-1.00 +0.75 6.27786975E-01
-0.50 +0.75 7.66195476E-01
+0.00 +0.75 5.62016173E-01
+0.50 +0.75 4.52616383E-01
+1.00 +0.75 4.51727923E-01
+1.50 +0.75 6.76640620E-01
+2.00 +0.75 5.62953571E-01
+2.50 +0.75 7.65186496E-01
+3.00 +0.75 5.62243687E-01
+3.50 +0.75 7.40308211E-01
+4.00 +0.75 4.58781613E-01
+4.50 +0.75 6.83661405E-01
+5.00 +0.75 6.94550568E-01
+5.50 +0.75 7.95134101E-01
+6.00 +0.75 1.08589376E+00
+6.50 +0.75 1.24103045E+00
+7.00 +0.75 1.51913905E+00
+7.50 +0.75 1.69194479E+00
+8.00 +0.75 1.87932595E+00
+8.50 +0.75 2.12979550E+00
+9.00 +0.75 2.16416094E+00
+9.50 +0.75 2.37875961E+00
+10.00 +0.75 2.56167082E+00
+10.50 +0.75 3.01180426E+00
+11.00 +0.75 3.02564916E+00
+11.50 +0.75 3.38997107E+00
+12.00 +0.75 3.73328304E+00
+12.50 +0.75 3.98669523E+00
+13.00 +0.75 4.18118013E+00
-15.00 +1.00 4.41717341E+00
-14.50 +1.00 3.89059189E+00
-14.00 +1.00 3.69718905E+00
-13.50 +1.00 3.35435581E+00
-13.00 +1.00 3.18771864E+00
-12.50 +1.00 3.09030656E+00
-12.00 +1.00 2.79624620E+00
-11.50 +1.00 2.61455031E+00
-11.00 +1.00 2.54957277E+00
-10.50 +1.00 2.37422144E+00
-10.00 +1.00 2.11030027E+00
-9.50 +1.00 1.97085468E+00
-9.00 +1.00 1.70816085E+00
-8.50 +1.00 1.57533994E+00
-8.00 +1.00 1.32118856E+00
-7.50 +1.00 1.14458164E+00
-7.00 +1.00 1.12374316E+00
-6.50 +1.00 8.58715494E-01
-6.00 +1.00 7.65762720E-01
-5.50 +1.00 7.44248750E-01
-5.00 +1.00 5.20924310E-01
-4.50 +1.00 5.01614809E-01
-4.00 +1.00 6.46243766E-01
-3.50 +1.00 5.67185733E-01
-3.00 +1.00 6.46999140E-01
-2.50 +1.00 6.75140507E-01
-2.00 +1.00 4.53351020E-01
-1.50 +1.00 4.52315793E-01
-1.00 +1.00 4.52862160E-01
-0.50 +1.00 6.28301422E-01
+0.00 +1.00 7.40871265E-01
+0.50 +1.00 4.52967700E-01
+1.00 +1.00 5.67756236E-01
+1.50 +1.00 4.51545416E-01
+2.00 +1.00 4.52086040E-01
+2.50 +1.00 6.50787764E-01
+3.00 +1.00 5.19214742E-01
+3.50 +1.00 7.44696856E-01
+4.00 +1.00 8.04624326E-01
+4.50 +1.00 9.80067096E-01
+5.00 +1.00 9.49597125E-01
+5.50 +1.00 1.23101301E+00
+6.00 +1.00 1.43600647E+00
+6.50 +1.00 1.52618419E+00
+7.00 +1.00 1.55699994E+00
+7.50 +1.00 1.83569012E+00
+8.00 +1.00 2.03640703E+00
+8.50 +1.00 2.17041396E+00
+9.00 +1.00 2.44386159E+00
+9.50 +1.00 2.79859795E+00
+10.00 +1.00 2.79109532E+00
+10.50 +1.00 3.15156143E+00
+11.00 +1.00 3.17808751E+00
+11.50 +1.00 3.47231006E+00
+12.00 +1.00 3.94893397E+00
+12.50 +1.00 3.99388281E+00
+13.00 +1.00 4.33615002E+00
-15.00 +1.25 8.56970429E+00
-14.50 +1.25 4.22874358E+00
-14.00 +1.25 4.04645102E+00
-13.50 +1.25 3.84714962E+00
-13.00 +1.25 3.72997338E+00
-12.50 +1.25 3.33679642E+00
-12.00 +1.25 3.13313479E+00
-11.50 +1.25 2.88168895E+00
-11.00 +1.25 2.67098068E+00
-10.50 +1.25 2.62651181E+00
-10.00 +1.25 2.31445093E+00
-9.50 +1.25 2.11021896E+00
-9.00 +1.25 2.04834711E+00
-8.50 +1.25 1.68829820E+00
-8.00 +1.25 1.71217187E+00
-7.50 +1.25 1.48705419E+00
-7.00 +1.25 1.34463542E+00
-6.50 +1.25 1.31128794E+00
-6.00 +1.25 1.14778580E+00
-5.50 +1.25 1.03806993E+00
-5.00 +1.25 7.85696183E-01
-4.50 +1.25 8.23776610E-01
-4.00 +1.25 8.10811377E-01
-3.50 +1.25 6.50603454E-01
-3.00 +1.25 5.27602871E-01
-2.50 +1.25 6.21529942E-01
-2.00 +1.25 6.99504983E-01
-1.50 +1.25 4.10852765E-01
-1.00 +1.25 4.58095266E-01
-0.50 +1.25 4.57631095E-01
+0.00 +1.25 6.81541368E-01
+0.50 +1.25 4.65428680E-01
+1.00 +1.25 6.85138544E-01
+1.50 +1.25 7.43201823E-01
+2.00 +1.25 8.41465865E-01
+2.50 +1.25 7.13621919E-01
+3.00 +1.25 7.87708043E-01
+3.50 +1.25 8.79030018E-01
+4.00 +1.25 1.13342576E+00
+4.50 +1.25 1.12963158E+00
+5.00 +1.25 1.32457546E+00
+5.50 +1.25 1.47812247E+00
+6.00 +1.25 1.63407787E+00
+6.50 +1.25 1.81989169E+00
+7.00 +1.25 1.83436386E+00
+7.50 +1.25 2.21993029E+00
+8.00 +1.25 2.26436784E+00
+8.50 +1.25 2.59627721E+00
+9.00 +1.25 2.88121127E+00
+9.50 +1.25 2.96835328E+00
+10.00 +1.25 3.15902115E+00
+10.50 +1.25 3.31681464E+00
+11.00 +1.25 3.60932060E+00
+11.50 +1.25 3.96792875E+00
+12.00 +1.25 4.16970064E+00
+12.50 +1.25 4.34386118E+00
+13.00 +1.25 4.81123570E+00
-15.00 +1.50 8.56970429E+00
-14.50 +1.50 4.63905849E+00
-14.00 +1.50 4.58684245E+00
-13.50 +1.50 3.90946697E+00
-13.00 +1.50 3.74139724E+00
-12.50 +1.50 3.62901928E+00
-12.00 +1.50 3.48344761E+00
-11.50 +1.50 3.19004630E+00
-11.00 +1.50 3.06516492E+00
-10.50 +1.50 2.74034352E+00
-10.00 +1.50 2.52251192E+00
-9.50 +1.50 2.56650211E+00
-9.00 +1.50 2.29756605E+00
-8.50 +1.50 2.17106182E+00
-8.00 +1.50 1.93785431E+00
-7.50 +1.50 1.68988217E+00
-7.00 +1.50 1.69985608E+00
-6.50 +1.50 1.65537971E+00
-6.00 +1.50 1.36800184E+00
-5.50 +1.50 1.41346856E+00
-5.00 +1.50 1.16752851E+00
-4.50 +1.50 1.13446988E+00
-4.00 +1.50 9.80915324E-01
-3.50 +1.50 9.35578012E-01
-3.00 +1.50 7.95041263E-01
-2.50 +1.50 9.31187660E-01
-2.00 +1.50 7.52623819E-01
-1.50 +1.50 7.88083271E-01
-1.00 +1.50 8.41628377E-01
-0.50 +1.50 7.52091559E-01
+0.00 +1.50 7.87638822E-01
+0.50 +1.50 8.30782519E-01
+1.00 +1.50 7.93909704E-01
+1.50 +1.50 9.04556291E-01
+2.00 +1.50 1.15411384E+00
+2.50 +1.50 1.10051454E+00
+3.00 +1.50 1.14451047E+00
+3.50 +1.50 1.41823557E+00
+4.00 +1.50 1.46929055E+00
+4.50 +1.50 1.65730909E+00
+5.00 +1.50 1.55851591E+00
+5.50 +1.50 1.83500128E+00
+6.00 +1.50 1.96640367E+00
+6.50 +1.50 2.27701215E+00
+7.00 +1.50 2.43047611E+00
+7.50 +1.50 2.55236293E+00
+8.00 +1.50 2.73386870E+00
+8.50 +1.50 2.95041242E+00
+9.00 +1.50 3.10218171E+00
+9.50 +1.50 3.34192346E+00
+10.00 +1.50 3.53647818E+00
+10.50 +1.50 3.51758064E+00
+11.00 +1.50 3.86519606E+00
+11.50 +1.50 4.10177097E+00
+12.00 +1.50 4.47898159E+00
+12.50 +1.50 5.02631284E+00
+13.00 +1.50 8.56970429E+00
-15.00 +1.75 8.56970429E+00
-14.50 +1.75 4.75342431E+00
-14.00 +1.75 4.63905849E+00
-13.50 +1.75 4.56478773E+00
-13.00 +1.75 4.33615002E+00
-12.50 +1.75 4.09073945E+00
-12.00 +1.75 3.62675984E+00
-11.50 +1.75 3.35106983E+00
-11.00 +1.75 3.25990382E+00
-10.50 +1.75 3.24102677E+00
-10.00 +1.75 2.98037043E+00
-9.50 +1.75 2.93125090E+00
-9.00 +1.75 2.68963597E+00
-8.50 +1.75 2.57106943E+00
-8.00 +1.75 2.29822476E+00
-7.50 +1.75 2.08088973E+00
-7.00 +1.75 1.89993233E+00
-6.50 +1.75 1.93255938E+00
-6.00 +1.75 1.69111417E+00
-5.50 +1.75 1.58479464E+00
-5.00 +1.75 1.71347331E+00
-4.50 +1.75 1.39048220E+00
-4.00 +1.75 1.40934222E+00
-3.50 +1.75 1.34576598E+00
-3.00 +1.75 1.41068844E+00
-2.50 +1.75 1.41095630E+00
-2.00 +1.75 1.23549322E+00
-1.50 +1.75 1.16693654E+00
-1.00 +1.75 1.16736376E+00
-0.50 +1.75 1.16573031E+00
+0.00 +1.75 1.12897590E+00
+0.50 +1.75 1.40967727E+00
+1.00 +1.75 1.41914413E+00
+1.50 +1.75 1.32031611E+00
+2.00 +1.75 1.51771802E+00
+2.50 +1.75 1.41118694E+00
+3.00 +1.75 1.67192303E+00
+3.50 +1.75 1.58324778E+00
+4.00 +1.75 1.72144282E+00
+4.50 +1.75 1.86564178E+00
+5.00 +1.75 2.12448631E+00
+5.50 +1.75 2.13918733E+00
+6.00 +1.75 2.31314806E+00
+6.50 +1.75 2.42804403E+00
+7.00 +1.75 2.60883891E+00
+7.50 +1.75 2.87028653E+00
+8.00 +1.75 2.89134235E+00
+8.50 +1.75 3.20163506E+00
+9.00 +1.75 3.46058652E+00
+9.50 +1.75 3.65121758E+00
+10.00 +1.75 3.63267336E+00
+10.50 +1.75 3.96629011E+00
+11.00 +1.75 3.98669523E+00
+11.50 +1.75 4.61138236E+00
+12.00 +1.75 4.81123570E+00
+12.50 +1.75 4.89163848E+00
+13.00 +1.75 8.56970429E+00
-15.00 +2.00 8.56970429E+00
-14.50 +2.00 5.02631284E+00
-14.00 +2.00 4.89163848E+00
-13.50 +2.00 8.56970429E+00
-13.00 +2.00 8.56970429E+00
-12.50 +2.00 4.36010508E+00
-12.00 +2.00 4.08018434E+00
-11.50 +2.00 3.87187802E+00
-11.00 +2.00 3.74905805E+00
-10.50 +2.00 3.59172214E+00
-10.00 +2.00 3.40609187E+00
-9.50 +2.00 3.20588027E+00
-9.00 +2.00 2.80338030E+00
-8.50 +2.00 2.92900404E+00
-8.00 +2.00 2.64952504E+00
-7.50 +2.00 2.40815209E+00
-7.00 +2.00 2.31062640E+00
-6.50 +2.00 2.40408507E+00
-6.00 +2.00 2.09485932E+00
-5.50 +2.00 2.03707028E+00
-5.00 +2.00 1.93975888E+00
-4.50 +2.00 1.85753554E+00
-4.00 +2.00 1.80375961E+00
-3.50 +2.00 1.90285476E+00
-3.00 +2.00 1.60177895E+00
-2.50 +2.00 1.76462388E+00
-2.00 +2.00 1.58509831E+00
-1.50 +2.00 1.69969399E+00
-1.00 +2.00 1.71195208E+00
-0.50 +2.00 1.63174840E+00
+0.00 +2.00 1.71213659E+00
+0.50 +2.00 1.69930623E+00
+1.00 +2.00 1.86666059E+00
+1.50 +2.00 1.67181656E+00
+2.00 +2.00 1.96153196E+00
+2.50 +2.00 2.04178362E+00
+3.00 +2.00 1.96625640E+00
+3.50 +2.00 2.03771443E+00
+4.00 +2.00 2.23315841E+00
+4.50 +2.00 2.38828954E+00
+5.00 +2.00 2.49926844E+00
+5.50 +2.00 2.52341849E+00
+6.00 +2.00 2.76622151E+00
+6.50 +2.00 2.74090618E+00
+7.00 +2.00 3.09239270E+00
+7.50 +2.00 3.20492005E+00
+8.00 +2.00 3.36282233E+00
+8.50 +2.00 3.48209885E+00
+9.00 +2.00 3.51972159E+00
+9.50 +2.00 3.93556846E+00
+10.00 +2.00 4.24871525E+00
+10.50 +2.00 4.31445102E+00
+11.00 +2.00 4.50943665E+00
+11.50 +2.00 8.56970429E+00
+12.00 +2.00 4.89163848E+00
+12.50 +2.00 8.56970429E+00
+13.00 +2.00 8.56970429E+00
-15.00 +2.25 8.56970429E+00
-14.50 +2.25 8.56970429E+00
-14.00 +2.25 8.56970429E+00
-13.50 +2.25 4.89163848E+00
-13.00 +2.25 8.56970429E+00
-12.50 +2.25 5.02631284E+00
-12.00 +2.25 4.40661206E+00
-11.50 +2.25 4.31445102E+00
-11.00 +2.25 3.96957812E+00
-10.50 +2.25 4.00128283E+00
-10.00 +2.25 3.83709168E+00
-9.50 +2.25 3.59251643E+00
-9.00 +2.25 3.25273510E+00
-8.50 +2.25 3.18852630E+00
-8.00 +2.25 2.99767233E+00
-7.50 +2.25 2.96069073E+00
-7.00 +2.25 2.67571512E+00
-6.50 +2.25 2.55125747E+00
-6.00 +2.25 2.52304050E+00
-5.50 +2.25 2.36026266E+00
-5.00 +2.25 2.44516721E+00
-4.50 +2.25 2.41179969E+00
-4.00 +2.25 2.26386369E+00
-3.50 +2.25 2.19543373E+00
-3.00 +2.25 2.04403591E+00
-2.50 +2.25 2.06496301E+00
-2.00 +2.25 2.09887411E+00
-1.50 +2.25 2.03949149E+00
-1.00 +2.25 2.10010620E+00
-0.50 +2.25 2.03717009E+00
+0.00 +2.25 2.03577952E+00
+0.50 +2.25 2.27741425E+00
+1.00 +2.25 2.27209952E+00
+1.50 +2.25 2.13860096E+00
+2.00 +2.25 2.22755057E+00
+2.50 +2.25 2.29862047E+00
+3.00 +2.25 2.34829653E+00
+3.50 +2.25 2.46826438E+00
+4.00 +2.25 2.66705126E+00
+4.50 +2.25 2.63951398E+00
+5.00 +2.25 2.81600440E+00
+5.50 +2.25 2.76800841E+00
+6.00 +2.25 2.97425593E+00
+6.50 +2.25 3.19321120E+00
+7.00 +2.25 3.49729601E+00
+7.50 +2.25 3.57405131E+00
+8.00 +2.25 3.62721025E+00
+8.50 +2.25 3.86300656E+00
+9.00 +2.25 4.06274020E+00
+9.50 +2.25 4.18118013E+00
+10.00 +2.25 4.63905849E+00
+10.50 +2.25 4.81123570E+00
+11.00 +2.25 8.56970429E+00
+11.50 +2.25 8.56970429E+00
+12.00 +2.25 4.89163848E+00
+12.50 +2.25 8.56970429E+00
+13.00 +2.25 8.56970429E+00
-15.00 +2.50 8.56970429E+00
-14.50 +2.50 8.56970429E+00
-14.00 +2.50 8.56970429E+00
-13.50 +2.50 8.56970429E+00
-13.00 +2.50 5.02631284E+00
-12.50 +2.50 4.89163848E+00
-12.00 +2.50 4.75342431E+00
-11.50 +2.50 4.67081982E+00
-11.00 +2.50 4.43990165E+00
-10.50 +2.50 4.47898159E+00
-10.00 +2.50 3.96792875E+00
-9.50 +2.50 3.95046348E+00
-9.00 +2.50 3.75333128E+00
-8.50 +2.50 3.50652429E+00
-8.00 +2.50 3.66380088E+00
-7.50 +2.50 3.25724320E+00
-7.00 +2.50 3.32838838E+00
-6.50 +2.50 2.99504984E+00
-6.00 +2.50 2.94929480E+00
-5.50 +2.50 2.79465580E+00
-5.00 +2.50 2.95197353E+00
-4.50 +2.50 2.88356619E+00
-4.00 +2.50 2.83924798E+00
-3.50 +2.50 2.69374121E+00
-3.00 +2.50 2.55174479E+00
-2.50 +2.50 2.62009607E+00
-2.00 +2.50 2.52540507E+00
-1.50 +2.50 2.62346652E+00
-1.00 +2.50 2.59669669E+00
-0.50 +2.50 2.61702440E+00
+0.00 +2.50 2.40969183E+00
+0.50 +2.50 2.44017865E+00
+1.00 +2.50 2.65015437E+00
+1.50 +2.50 2.53139447E+00
+2.00 +2.50 2.76324381E+00
+2.50 +2.50 2.66355400E+00
+3.00 +2.50 2.88264627E+00
+3.50 +2.50 2.86345374E+00
+4.00 +2.50 3.03037533E+00
+4.50 +2.50 3.11164195E+00
+5.00 +2.50 3.23757559E+00
+5.50 +2.50 3.33992837E+00
+6.00 +2.50 3.34578497E+00
+6.50 +2.50 3.72476145E+00
+7.00 +2.50 3.59854702E+00
+7.50 +2.50 4.08805768E+00
+8.00 +2.50 4.12236646E+00
+8.50 +2.50 4.46518392E+00
+9.00 +2.50 4.36010508E+00
+9.50 +2.50 8.56970429E+00
+10.00 +2.50 8.56970429E+00
+10.50 +2.50 8.56970429E+00
+11.00 +2.50 8.56970429E+00
+11.50 +2.50 8.56970429E+00
+12.00 +2.50 8.56970429E+00
+12.50 +2.50 8.56970429E+00
+13.00 +2.50 8.56970429E+00
-15.00 +2.75 8.56970429E+00
-14.50 +2.75 8.56970429E+00
-14.00 +2.75 8.56970429E+00
-13.50 +2.75 8.56970429E+00
-13.00 +2.75 8.56970429E+00
-12.50 +2.75 5.02631284E+00
-12.00 +2.75 8.56970429E+00
-11.50 +2.75 8.56970429E+00
-11.00 +2.75 4.89163848E+00
-10.50 +2.75 8.56970429E+00
-10.00 +2.75 4.56478773E+00
-9.50 +2.75 4.34386118E+00
-9.00 +2.75 4.37758785E+00
-8.50 +2.75 3.88817691E+00
-8.00 +2.75 3.72735476E+00
-7.50 +2.75 3.82083614E+00
-7.00 +2.75 3.61272157E+00
-6.50 +2.75 3.49056519E+00
-6.00 +2.75 3.31119033E+00
-5.50 +2.75 3.41987464E+00
-5.00 +2.75 3.30908923E+00
-4.50 +2.75 3.19640840E+00
-4.00 +2.75 3.24536541E+00
-3.50 +2.75 3.06358783E+00
-3.00 +2.75 3.02104971E+00
-2.50 +2.75 3.17896880E+00
-2.00 +2.75 2.98026406E+00
-1.50 +2.75 2.88125105E+00
-1.00 +2.75 2.86156880E+00
-0.50 +2.75 2.89310809E+00
+0.00 +2.75 3.11667998E+00
+0.50 +2.75 2.90985195E+00
+1.00 +2.75 3.14647746E+00
+1.50 +2.75 3.10895549E+00
+2.00 +2.75 3.23899899E+00
+2.50 +2.75 3.11926958E+00
+3.00 +2.75 3.44812152E+00
+3.50 +2.75 3.23404552E+00
+4.00 +2.75 3.28220143E+00
+4.50 +2.75 3.53453069E+00
+5.00 +2.75 3.52498924E+00
+5.50 +2.75 4.00890867E+00
+6.00 +2.75 3.93847833E+00
+6.50 +2.75 4.13497065E+00
+7.00 +2.75 4.15874563E+00
+7.50 +2.75 4.30764758E+00
+8.00 +2.75 8.56970429E+00
+8.50 +2.75 4.61138236E+00
+9.00 +2.75 8.56970429E+00
+9.50 +2.75 8.56970429E+00
+10.00 +2.75 8.56970429E+00
+10.50 +2.75 8.56970429E+00
+11.00 +2.75 8.56970429E+00
+11.50 +2.75 8.56970429E+00
+12.00 +2.75 8.56970429E+00
+12.50 +2.75 8.56970429E+00
+13.00 +2.75 8.56970429E+00
-15.00 +3.00 8.56970429E+00
-14.50 +3.00 8.56970429E+00
-14.00 +3.00 8.56970429E+00
-13.50 +3.00 8.56970429E+00
-13.00 +3.00 8.56970429E+00
-12.50 +3.00 8.56970429E+00
-12.00 +3.00 8.56970429E+00
-11.50 +3.00 8.56970429E+00
-11.00 +3.00 5.02631284E+00
-10.50 +3.00 8.56970429E+00
-10.00 +3.00 4.81123570E+00
-9.50 +3.00 4.81123570E+00
-9.00 +3.00 4.54475189E+00
-8.50 +3.00 4.61138236E+00
-8.00 +3.00 4.36867959E+00
-7.50 +3.00 4.30103787E+00
-7.00 +3.00 4.06759915E+00
-6.50 +3.00 4.19323854E+00
-6.00 +3.00 3.77037872E+00
-5.50 +3.00 3.87528495E+00
-5.00 +3.00 3.61186741E+00
-4.50 +3.00 3.48209885E+00
-4.00 +3.00 3.76885213E+00
-3.50 +3.00 3.38051548E+00
-3.00 +3.00 3.39731735E+00
-2.50 +3.00 3.65518159E+00
-2.00 +3.00 3.47361357E+00
-1.50 +3.00 3.59411185E+00
-1.00 +3.00 3.42074438E+00
-0.50 +3.00 3.37505850E+00
+0.00 +3.00 3.57591878E+00
+0.50 +3.00 3.39913233E+00
+1.00 +3.00 3.40259150E+00
+1.50 +3.00 3.48534657E+00
+2.00 +3.00 3.48534657E+00
+2.50 +3.00 3.48561888E+00
+3.00 +3.00 3.78372263E+00
+3.50 +3.00 3.88106509E+00
+4.00 +3.00 3.87528495E+00
+4.50 +3.00 3.98669523E+00
+5.00 +3.00 4.18915104E+00
+5.50 +3.00 4.18915104E+00
+6.00 +3.00 4.41717341E+00
+6.50 +3.00 8.56970429E+00
+7.00 +3.00 4.70812972E+00
+7.50 +3.00 4.67081982E+00
+8.00 +3.00 4.89163848E+00
+8.50 +3.00 4.89163848E+00
+9.00 +3.00 8.56970429E+00
+9.50 +3.00 8.56970429E+00
+10.00 +3.00 8.56970429E+00
+10.50 +3.00 8.56970429E+00
+11.00 +3.00 8.56970429E+00
+11.50 +3.00 8.56970429E+00
+12.00 +3.00 8.56970429E+00
+12.50 +3.00 8.56970429E+00
+13.00 +3.00 8.56970429E+00
-15.00 +3.25 8.56970429E+00
-14.50 +3.25 8.56970429E+00
-14.00 +3.25 8.56970429E+00
-13.50 +3.25 8.56970429E+00
-13.00 +3.25 8.56970429E+00
-12.50 +3.25 8.56970429E+00
-12.00 +3.25 8.56970429E+00
-11.50 +3.25 8.56970429E+00
-11.00 +3.25 8.56970429E+00
-10.50 +3.25 8.56970429E+00
-10.00 +3.25 4.89163848E+00
-9.50 +3.25 5.02631284E+00
-9.00 +3.25 8.56970429E+00
-8.50 +3.25 8.56970429E+00
-8.00 +3.25 4.81123570E+00
-7.50 +3.25 4.89163848E+00
-7.00 +3.25 4.58684245E+00
-6.50 +3.25 4.45218723E+00
-6.00 +3.25 4.61138236E+00
-5.50 +3.25 4.42825170E+00
-5.00 +3.25 4.16234207E+00
-4.50 +3.25 4.08805768E+00
-4.00 +3.25 4.14826807E+00
-3.50 +3.25 3.98493007E+00
-3.00 +3.25 3.93412593E+00
-2.50 +3.25 4.01878105E+00
-2.00 +3.25 4.10460859E+00
-1.50 +3.25 4.02906137E+00
-1.00 +3.25 3.93701922E+00
-0.50 +3.25 4.08278076E+00
+0.00 +3.25 4.03544029E+00
+0.50 +3.25 3.80465843E+00
+1.00 +3.25 3.89180793E+00
+1.50 +3.25 3.90174940E+00
+2.00 +3.25 4.13175757E+00
+2.50 +3.25 4.36010508E+00
+3.00 +3.25 4.35183962E+00
+3.50 +3.25 4.54475189E+00
+4.00 +3.25 4.26489079E+00
+4.50 +3.25 4.56478773E+00
+5.00 +3.25 4.54475189E+00
+5.50 +3.25 8.56970429E+00
+6.00 +3.25 8.56970429E+00
+6.50 +3.25 4.89163848E+00
+7.00 +3.25 4.75342431E+00
+7.50 +3.25 5.02631284E+00
+8.00 +3.25 8.56970429E+00
+8.50 +3.25 8.56970429E+00
+9.00 +3.25 8.56970429E+00
+9.50 +3.25 8.56970429E+00
+10.00 +3.25 8.56970429E+00
+10.50 +3.25 8.56970429E+00
+11.00 +3.25 8.56970429E+00
+11.50 +3.25 8.56970429E+00
+12.00 +3.25 8.56970429E+00
+12.50 +3.25 8.56970429E+00
+13.00 +3.25 8.56970429E+00
-15.00 +3.50 8.56970429E+00
-14.50 +3.50 8.56970429E+00
-14.00 +3.50 8.56970429E+00
-13.50 +3.50 8.56970429E+00
-13.00 +3.50 8.56970429E+00
-12.50 +3.50 8.56970429E+00
-12.00 +3.50 8.56970429E+00
-11.50 +3.50 8.56970429E+00
-11.00 +3.50 8.56970429E+00
-10.50 +3.50 8.56970429E+00
-10.00 +3.50 8.56970429E+00
-9.50 +3.50 8.56970429E+00
-9.00 +3.50 8.56970429E+00
-8.50 +3.50 5.02631284E+00
-8.00 +3.50 8.56970429E+00
-7.50 +3.50 4.89163848E+00
-7.00 +3.50 8.56970429E+00
-6.50 +3.50 8.56970429E+00
-6.00 +3.50 8.56970429E+00
-5.50 +3.50 8.56970429E+00
-5.00 +3.50 8.56970429E+00
-4.50 +3.50 4.89163848E+00
-4.00 +3.50 4.63905849E+00
-3.50 +3.50 4.56478773E+00
-3.00 +3.50 4.58684245E+00
-2.50 +3.50 4.52638932E+00
-2.00 +3.50 8.56970429E+00
-1.50 +3.50 4.47898159E+00
-1.00 +3.50 4.70812972E+00
-0.50 +3.50 4.63905849E+00
+0.00 +3.50 4.61138236E+00
+0.50 +3.50 4.42825170E+00
+1.00 +3.50 8.56970429E+00
+1.50 +3.50 4.75342431E+00
+2.00 +3.50 4.70812972E+00
+2.50 +3.50 4.75342431E+00
+3.00 +3.50 4.46518392E+00
+3.50 +3.50 4.89163848E+00
+4.00 +3.50 8.56970429E+00
+4.50 +3.50 8.56970429E+00
+5.00 +3.50 8.56970429E+00
+5.50 +3.50 8.56970429E+00
+6.00 +3.50 8.56970429E+00
+6.50 +3.50 8.56970429E+00
+7.00 +3.50 8.56970429E+00
+7.50 +3.50 8.56970429E+00
+8.00 +3.50 8.56970429E+00
+8.50 +3.50 8.56970429E+00
+9.00 +3.50 8.56970429E+00
+9.50 +3.50 8.56970429E+00
+10.00 +3.50 8.56970429E+00
+10.50 +3.50 8.56970429E+00
+11.00 +3.50 8.56970429E+00
+11.50 +3.50 8.56970429E+00
+12.00 +3.50 8.56970429E+00
+12.50 +3.50 8.56970429E+00
+13.00 +3.50 8.56970429E+00
-15.00 +3.75 8.56970429E+00
-14.50 +3.75 8.56970429E+00
-14.00 +3.75 8.56970429E+00
-13.50 +3.75 8.56970429E+00
-13.00 +3.75 8.56970429E+00
-12.50 +3.75 8.56970429E+00
-12.00 +3.75 8.56970429E+00
-11.50 +3.75 8.56970429E+00
-11.00 +3.75 8.56970429E+00
-10.50 +3.75 8.56970429E+00
-10.00 +3.75 8.56970429E+00
-9.50 +3.75 8.56970429E+00
-9.00 +3.75 8.56970429E+00
-8.50 +3.75 8.56970429E+00
-8.00 +3.75 8.56970429E+00
-7.50 +3.75 8.56970429E+00
-7.00 +3.75 8.56970429E+00
-6.50 +3.75 8.56970429E+00
-6.00 +3.75 8.56970429E+00
-5.50 +3.75 8.56970429E+00
-5.00 +3.75 5.02631284E+00
-4.50 +3.75 8.56970429E+00
-4.00 +3.75 4.81123570E+00
-3.50 +3.75 8.56970429E+00
-3.00 +3.75 8.56970429E+00
-2.50 +3.75 8.56970429E+00
-2.00 +3.75 8.56970429E+00
-1.50 +3.75 8.56970429E+00
-1.00 +3.75 8.56970429E+00
-0.50 +3.75 4.75342431E+00
+0.00 +3.75 8.56970429E+00
+0.50 +3.75 8.56970429E+00
+1.00 +3.75 8.56970429E+00
+1.50 +3.75 8.56970429E+00
+2.00 +3.75 8.56970429E+00
+2.50 +3.75 5.02631284E+00
+3.00 +3.75 8.56970429E+00
+3.50 +3.75 8.56970429E+00
+4.00 +3.75 5.02631284E+00
+4.50 +3.75 8.56970429E+00
+5.00 +3.75 8.56970429E+00
+5.50 +3.75 8.56970429E+00
+6.00 +3.75 8.56970429E+00
+6.50 +3.75 8.56970429E+00
+7.00 +3.75 8.56970429E+00
+7.50 +3.75 8.56970429E+00
+8.00 +3.75 8.56970429E+00
+8.50 +3.75 8.56970429E+00
+9.00 +3.75 8.56970429E+00
+9.50 +3.75 8.56970429E+00
+10.00 +3.75 8.56970429E+00
+10.50 +3.75 8.56970429E+00
+11.00 +3.75 8.56970429E+00
+11.50 +3.75 8.56970429E+00
+12.00 +3.75 8.56970429E+00
+12.50 +3.75 8.56970429E+00
+13.00 +3.75 8.56970429E+00
-15.00 +4.00 8.56970429E+00
-14.50 +4.00 8.56970429E+00
-14.00 +4.00 8.56970429E+00
-13.50 +4.00 8.56970429E+00
-13.00 +4.00 8.56970429E+00
-12.50 +4.00 8.56970429E+00
-12.00 +4.00 8.56970429E+00
-11.50 +4.00 8.56970429E+00
-11.00 +4.00 8.56970429E+00
-10.50 +4.00 8.56970429E+00
-10.00 +4.00 8.56970429E+00
-9.50 +4.00 8.56970429E+00
-9.00 +4.00 8.56970429E+00
-8.50 +4.00 8.56970429E+00
-8.00 +4.00 8.56970429E+00
-7.50 +4.00 8.56970429E+00
-7.00 +4.00 8.56970429E+00
-6.50 +4.00 8.56970429E+00
-6.00 +4.00 8.56970429E+00
-5.50 +4.00 8.56970429E+00
-5.00 +4.00 8.56970429E+00
-4.50 +4.00 8.56970429E+00
-4.00 +4.00 8.56970429E+00
-3.50 +4.00 8.56970429E+00
-3.00 +4.00 8.56970429E+00
-2.50 +4.00 8.56970429E+00
-2.00 +4.00 8.56970429E+00
-1.50 +4.00 8.56970429E+00
-1.00 +4.00 8.56970429E+00
-0.50 +4.00 8.56970429E+00
+0.00 +4.00 8.56970429E+00
+0.50 +4.00 8.56970429E+00
+1.00 +4.00 8.56970429E+00
+1.50 +4.00 8.56970429E+00
+2.00 +4.00 8.56970429E+00
+2.50 +4.00 8.56970429E+00
+3.00 +4.00 8.56970429E+00
+3.50 +4.00 8.56970429E+00
+4.00 +4.00 8.56970429E+00
+4.50 +4.00 8.56970429E+00
+5.00 +4.00 8.56970429E+00
+5.50 +4.00 8.56970429E+00
+6.00 +4.00 8.56970429E+00
+6.50 +4.00 8.56970429E+00
+7.00 +4.00 8.56970429E+00
+7.50 +4.00 8.56970429E+00
+8.00 +4.00 8.56970429E+00
+8.50 +4.00 8.56970429E+00
+9.00 +4.00 8.56970429E+00
+9.50 +4.00 8.56970429E+00
+10.00 +4.00 8.56970429E+00
+10.50 +4.00 8.56970429E+00
+11.00 +4.00 8.56970429E+00
+11.50 +4.00 8.56970429E+00
+12.00 +4.00 8.56970429E+00
+12.50 +4.00 8.56970429E+00
+13.00 +4.00 8.56970429E+00
-15.00 +4.25 8.56970429E+00
-14.50 +4.25 8.56970429E+00
-14.00 +4.25 8.56970429E+00
-13.50 +4.25 8.56970429E+00
-13.00 +4.25 8.56970429E+00
-12.50 +4.25 8.56970429E+00
-12.00 +4.25 8.56970429E+00
-11.50 +4.25 8.56970429E+00
-11.00 +4.25 8.56970429E+00
-10.50 +4.25 8.56970429E+00
-10.00 +4.25 8.56970429E+00
-9.50 +4.25 8.56970429E+00
-9.00 +4.25 8.56970429E+00
-8.50 +4.25 8.56970429E+00
-8.00 +4.25 8.56970429E+00
-7.50 +4.25 8.56970429E+00
-7.00 +4.25 8.56970429E+00
-6.50 +4.25 8.56970429E+00
-6.00 +4.25 8.56970429E+00
-5.50 +4.25 8.56970429E+00
-5.00 +4.25 8.56970429E+00
-4.50 +4.25 8.56970429E+00
-4.00 +4.25 8.56970429E+00
-3.50 +4.25 8.56970429E+00
-3.00 +4.25 8.56970429E+00
-2.50 +4.25 8.56970429E+00
-2.00 +4.25 8.56970429E+00
-1.50 +4.25 8.56970429E+00
-1.00 +4.25 8.56970429E+00
-0.50 +4.25 8.56970429E+00
+0.00 +4.25 8.56970429E+00
+0.50 +4.25 8.56970429E+00
+1.00 +4.25 8.56970429E+00
+1.50 +4.25 8.56970429E+00
+2.00 +4.25 8.56970429E+00
+2.50 +4.25 8.56970429E+00
+3.00 +4.25 8.56970429E+00
+3.50 +4.25 8.56970429E+00
+4.00 +4.25 8.56970429E+00
+4.50 +4.25 8.56970429E+00
+5.00 +4.25 8.56970429E+00
+5.50 +4.25 8.56970429E+00
+6.00 +4.25 8.56970429E+00
+6.50 +4.25 8.56970429E+00
+7.00 +4.25 8.56970429E+00
+7.50 +4.25 8.56970429E+00
+8.00 +4.25 8.56970429E+00
+8.50 +4.25 8.56970429E+00
+9.00 +4.25 8.56970429E+00
+9.50 +4.25 8.56970429E+00
+10.00 +4.25 8.56970429E+00
+10.50 +4.25 8.56970429E+00
+11.00 +4.25 8.56970429E+00
+11.50 +4.25 8.56970429E+00
+12.00 +4.25 8.56970429E+00
+12.50 +4.25 8.56970429E+00
+13.00 +4.25 8.56970429E+00
-15.00 +4.50 8.56970429E+00
-14.50 +4.50 8.56970429E+00
-14.00 +4.50 8.56970429E+00
-13.50 +4.50 8.56970429E+00
-13.00 +4.50 8.56970429E+00
-12.50 +4.50 8.56970429E+00
-12.00 +4.50 8.56970429E+00
-11.50 +4.50 8.56970429E+00
-11.00 +4.50 8.56970429E+00
-10.50 +4.50 8.56970429E+00
-10.00 +4.50 8.56970429E+00
-9.50 +4.50 8.56970429E+00
-9.00 +4.50 8.56970429E+00
-8.50 +4.50 8.56970429E+00
-8.00 +4.50 8.56970429E+00
-7.50 +4.50 8.56970429E+00
-7.00 +4.50 8.56970429E+00
-6.50 +4.50 8.56970429E+00
-6.00 +4.50 8.56970429E+00
-5.50 +4.50 8.56970429E+00
-5.00 +4.50 8.56970429E+00
-4.50 +4.50 8.56970429E+00
-4.00 +4.50 8.56970429E+00
-3.50 +4.50 8.56970429E+00
-3.00 +4.50 8.56970429E+00
-2.50 +4.50 8.56970429E+00
-2.00 +4.50 8.56970429E+00
-1.50 +4.50 8.56970429E+00
-1.00 +4.50 8.56970429E+00
-0.50 +4.50 8.56970429E+00
+0.00 +4.50 8.56970429E+00
+0.50 +4.50 8.56970429E+00
+1.00 +4.50 8.56970429E+00
+1.50 +4.50 8.56970429E+00
+2.00 +4.50 8.56970429E+00
+2.50 +4.50 8.56970429E+00
+3.00 +4.50 8.56970429E+00
+3.50 +4.50 8.56970429E+00
+4.00 +4.50 8.56970429E+00
+4.50 +4.50 8.56970429E+00
+5.00 +4.50 8.56970429E+00
+5.50 +4.50 8.56970429E+00
+6.00 +4.50 8.56970429E+00
+6.50 +4.50 8.56970429E+00
+7.00 +4.50 8.56970429E+00
+7.50 +4.50 8.56970429E+00
+8.00 +4.50 8.56970429E+00
+8.50 +4.50 8.56970429E+00
+9.00 +4.50 8.56970429E+00
+9.50 +4.50 8.56970429E+00
+10.00 +4.50 8.56970429E+00
+10.50 +4.50 8.56970429E+00
+11.00 +4.50 8.56970429E+00
+11.50 +4.50 8.56970429E+00
+12.00 +4.50 8.56970429E+00
+12.50 +4.50 8.56970429E+00
+13.00 +4.50 8.56970429E+00
-15.00 +4.75 8.56970429E+00
-14.50 +4.75 8.56970429E+00
-14.00 +4.75 8.56970429E+00
-13.50 +4.75 8.56970429E+00
-13.00 +4.75 8.56970429E+00
-12.50 +4.75 8.56970429E+00
-12.00 +4.75 8.56970429E+00
-11.50 +4.75 8.56970429E+00
-11.00 +4.75 8.56970429E+00
-10.50 +4.75 8.56970429E+00
-10.00 +4.75 8.56970429E+00
-9.50 +4.75 8.56970429E+00
-9.00 +4.75 8.56970429E+00
-8.50 +4.75 8.56970429E+00
-8.00 +4.75 8.56970429E+00
-7.50 +4.75 8.56970429E+00
-7.00 +4.75 8.56970429E+00
-6.50 +4.75 8.56970429E+00
-6.00 +4.75 8.56970429E+00
-5.50 +4.75 8.56970429E+00
-5.00 +4.75 8.56970429E+00
-4.50 +4.75 8.56970429E+00
-4.00 +4.75 8.56970429E+00
-3.50 +4.75 8.56970429E+00
-3.00 +4.75 8.56970429E+00
-2.50 +4.75 8.56970429E+00
-2.00 +4.75 8.56970429E+00
-1.50 +4.75 8.56970429E+00
-1.00 +4.75 8.56970429E+00
-0.50 +4.75 8.56970429E+00
+0.00 +4.75 8.56970429E+00
+0.50 +4.75 8.56970429E+00
+1.00 +4.75 8.56970429E+00
+1.50 +4.75 8.56970429E+00
+2.00 +4.75 8.56970429E+00
+2.50 +4.75 8.56970429E+00
+3.00 +4.75 8.56970429E+00
+3.50 +4.75 8.56970429E+00
+4.00 +4.75 8.56970429E+00
+4.50 +4.75 8.56970429E+00
+5.00 +4.75 8.56970429E+00
+5.50 +4.75 8.56970429E+00
+6.00 +4.75 8.56970429E+00
+6.50 +4.75 8.56970429E+00
+7.00 +4.75 8.56970429E+00
+7.50 +4.75 8.56970429E+00
+8.00 +4.75 8.56970429E+00
+8.50 +4.75 8.56970429E+00
+9.00 +4.75 8.56970429E+00
+9.50 +4.75 8.56970429E+00
+10.00 +4.75 8.56970429E+00
+10.50 +4.75 8.56970429E+00
+11.00 +4.75 8.56970429E+00
+11.50 +4.75 8.56970429E+00
+12.00 +4.75 8.56970429E+00
+12.50 +4.75 8.56970429E+00
+13.00 +4.75 8.56970429E+00
-15.00 +5.00 8.56970429E+00
-14.50 +5.00 8.56970429E+00
-14.00 +5.00 8.56970429E+00
-13.50 +5.00 8.56970429E+00
-13.00 +5.00 8.56970429E+00
-12.50 +5.00 8.56970429E+00
-12.00 +5.00 8.56970429E+00
-11.50 +5.00 8.56970429E+00
-11.00 +5.00 8.56970429E+00
-10.50 +5.00 8.56970429E+00
-10.00 +5.00 8.56970429E+00
-9.50 +5.00 8.56970429E+00
-9.00 +5.00 8.56970429E+00
-8.50 +5.00 8.56970429E+00
-8.00 +5.00 8.56970429E+00
-7.50 +5.00 8.56970429E+00
-7.00 +5.00 8.56970429E+00
-6.50 +5.00 8.56970429E+00
-6.00 +5.00 8.56970429E+00
-5.50 +5.00 8.56970429E+00
-5.00 +5.00 8.56970429E+00
-4.50 +5.00 8.56970429E+00
-4.00 +5.00 8.56970429E+00
-3.50 +5.00 8.56970429E+00
-3.00 +5.00 8.56970429E+00
-2.50 +5.00 8.56970429E+00
-2.00 +5.00 8.56970429E+00
-1.50 +5.00 8.56970429E+00
-1.00 +5.00 8.56970429E+00
-0.50 +5.00 8.56970429E+00
+0.00 +5.00 8.56970429E+00
+0.50 +5.00 8.56970429E+00
+1.00 +5.00 8.56970429E+00
+1.50 +5.00 8.56970429E+00
+2.00 +5.00 8.56970429E+00
+2.50 +5.00 8.56970429E+00
+3.00 +5.00 8.56970429E+00
+3.50 +5.00 8.56970429E+00
+4.00 +5.00 8.56970429E+00
+4.50 +5.00 8.56970429E+00
+5.00 +5.00 8.56970429E+00
+5.50 +5.00 8.56970429E+00
+6.00 +5.00 8.56970429E+00
+6.50 +5.00 8.56970429E+00
+7.00 +5.00 8.56970429E+00
+7.50 +5.00 8.56970429E+00
+8.00 +5.00 8.56970429E+00
+8.50 +5.00 8.56970429E+00
+9.00 +5.00 8.56970429E+00
+9.50 +5.00 8.56970429E+00
+10.00 +5.00 8.56970429E+00
+10.50 +5.00 8.56970429E+00
+11.00 +5.00 8.56970429E+00
+11.50 +5.00 8.56970429E+00
+12.00 +5.00 8.56970429E+00
+12.50 +5.00 8.56970429E+00
+13.00 +5.00 8.56970429E+00
