-15.00 -7.00 8.56970429E+00
-14.50 -7.00 8.56970429E+00
-14.00 -7.00 8.56970429E+00
-13.50 -7.00 8.56970429E+00
-13.00 -7.00 8.56970429E+00
-12.50 -7.00 8.56970429E+00
-12.00 -7.00 8.56970429E+00
-11.50 -7.00 8.56970429E+00
-11.00 -7.00 8.56970429E+00
-10.50 -7.00 8.56970429E+00
-10.00 -7.00 8.56970429E+00
-9.50 -7.00 8.56970429E+00
-9.00 -7.00 8.56970429E+00
-8.50 -7.00 8.56970429E+00
-8.00 -7.00 8.56970429E+00
-7.50 -7.00 8.56970429E+00
-7.00 -7.00 8.56970429E+00
-6.50 -7.00 8.56970429E+00
-6.00 -7.00 8.56970429E+00
-5.50 -7.00 8.56970429E+00
-5.00 -7.00 8.56970429E+00
-4.50 -7.00 8.56970429E+00
-4.00 -7.00 8.56970429E+00
-3.50 -7.00 8.56970429E+00
-3.00 -7.00 8.56970429E+00
-2.50 -7.00 8.56970429E+00
-2.00 -7.00 8.56970429E+00
-1.50 -7.00 8.56970429E+00
-1.00 -7.00 8.56970429E+00
-0.50 -7.00 8.56970429E+00
+0.00 -7.00 8.56970429E+00
+0.50 -7.00 8.56970429E+00
+1.00 -7.00 8.56970429E+00
+1.50 -7.00 8.56970429E+00
+2.00 -7.00 8.56970429E+00
+2.50 -7.00 8.56970429E+00
+3.00 -7.00 8.56970429E+00
+3.50 -7.00 8.56970429E+00
+4.00 -7.00 8.56970429E+00
+4.50 -7.00 8.56970429E+00
+5.00 -7.00 8.56970429E+00
+5.50 -7.00 8.56970429E+00
+6.00 -7.00 8.56970429E+00
+6.50 -7.00 8.56970429E+00
+7.00 -7.00 8.56970429E+00
+7.50 -7.00 8.56970429E+00
+8.00 -7.00 8.56970429E+00
+8.50 -7.00 8.56970429E+00
+9.00 -7.00 8.56970429E+00
+9.50 -7.00 8.56970429E+00
+10.00 -7.00 8.56970429E+00
+10.50 -7.00 8.56970429E+00
+11.00 -7.00 8.56970429E+00
+11.50 -7.00 8.56970429E+00
+12.00 -7.00 8.56970429E+00
+12.50 -7.00 8.56970429E+00
+13.00 -7.00 8.56970429E+00
-15.00 -6.75 8.56970429E+00
-14.50 -6.75 8.56970429E+00
-14.00 -6.75 8.56970429E+00
-13.50 -6.75 8.56970429E+00
-13.00 -6.75 8.56970429E+00
-12.50 -6.75 8.56970429E+00
-12.00 -6.75 8.56970429E+00
-11.50 -6.75 8.56970429E+00
-11.00 -6.75 8.56970429E+00
-10.50 -6.75 8.56970429E+00
-10.00 -6.75 8.56970429E+00
-9.50 -6.75 8.56970429E+00
-9.00 -6.75 8.56970429E+00
-8.50 -6.75 8.56970429E+00
-8.00 -6.75 8.56970429E+00
-7.50 -6.75 8.56970429E+00
-7.00 -6.75 8.56970429E+00
-6.50 -6.75 8.56970429E+00
-6.00 -6.75 8.56970429E+00
-5.50 -6.75 8.56970429E+00
-5.00 -6.75 8.56970429E+00
-4.50 -6.75 8.56970429E+00
-4.00 -6.75 8.56970429E+00
-3.50 -6.75 8.56970429E+00
-3.00 -6.75 8.56970429E+00
-2.50 -6.75 8.56970429E+00
-2.00 -6.75 8.56970429E+00
-1.50 -6.75 8.56970429E+00
-1.00 -6.75 8.56970429E+00
-0.50 -6.75 8.56970429E+00
+0.00 -6.75 8.56970429E+00
+0.50 -6.75 8.56970429E+00
+1.00 -6.75 8.56970429E+00
+1.50 -6.75 8.56970429E+00
+2.00 -6.75 8.56970429E+00
+2.50 -6.75 8.56970429E+00
+3.00 -6.75 8.56970429E+00
+3.50 -6.75 8.56970429E+00
+4.00 -6.75 8.56970429E+00
+4.50 -6.75 8.56970429E+00
+5.00 -6.75 8.56970429E+00
+5.50 -6.75 8.56970429E+00
+6.00 -6.75 8.56970429E+00
+6.50 -6.75 8.56970429E+00
+7.00 -6.75 8.56970429E+00
+7.50 -6.75 8.56970429E+00
+8.00 -6.75 8.56970429E+00
+8.50 -6.75 8.56970429E+00
+9.00 -6.75 8.56970429E+00
+9.50 -6.75 8.56970429E+00
+10.00 -6.75 8.56970429E+00
+10.50 -6.75 8.56970429E+00
+11.00 -6.75 8.56970429E+00
+11.50 -6.75 8.56970429E+00
+12.00 -6.75 8.56970429E+00
+12.50 -6.75 8.56970429E+00
+13.00 -6.75 8.56970429E+00
-15.00 -6.50 8.56970429E+00
-14.50 -6.50 8.56970429E+00
-14.00 -6.50 8.56970429E+00
-13.50 -6.50 8.56970429E+00
-13.00 -6.50 8.56970429E+00
-12.50 -6.50 8.56970429E+00
-12.00 -6.50 8.56970429E+00
-11.50 -6.50 8.56970429E+00
-11.00 -6.50 8.56970429E+00
-10.50 -6.50 8.56970429E+00
-10.00 -6.50 8.56970429E+00
-9.50 -6.50 8.56970429E+00
-9.00 -6.50 8.56970429E+00
-8.50 -6.50 8.56970429E+00
-8.00 -6.50 8.56970429E+00
-7.50 -6.50 8.56970429E+00
-7.00 -6.50 8.56970429E+00
-6.50 -6.50 8.56970429E+00
-6.00 -6.50 8.56970429E+00
-5.50 -6.50 8.56970429E+00
-5.00 -6.50 8.56970429E+00
-4.50 -6.50 8.56970429E+00
-4.00 -6.50 8.56970429E+00
-3.50 -6.50 8.56970429E+00
-3.00 -6.50 8.56970429E+00
-2.50 -6.50 8.56970429E+00
-2.00 -6.50 8.56970429E+00
-1.50 -6.50 8.56970429E+00
-1.00 -6.50 8.56970429E+00
-0.50 -6.50 8.56970429E+00
+0.00 -6.50 8.56970429E+00
+0.50 -6.50 8.56970429E+00
+1.00 -6.50 8.56970429E+00
+1.50 -6.50 8.56970429E+00
+2.00 -6.50 8.56970429E+00
+2.50 -6.50 8.56970429E+00
+3.00 -6.50 8.56970429E+00
+3.50 -6.50 8.56970429E+00
+4.00 -6.50 8.56970429E+00
+4.50 -6.50 8.56970429E+00
+5.00 -6.50 8.56970429E+00
+5.50 -6.50 8.56970429E+00
+6.00 -6.50 8.56970429E+00
+6.50 -6.50 8.56970429E+00
+7.00 -6.50 8.56970429E+00
+7.50 -6.50 8.56970429E+00
+8.00 -6.50 8.56970429E+00
+8.50 -6.50 8.56970429E+00
+9.00 -6.50 8.56970429E+00
+9.50 -6.50 8.56970429E+00
+10.00 -6.50 8.56970429E+00
+10.50 -6.50 8.56970429E+00
+11.00 -6.50 8.56970429E+00
+11.50 -6.50 8.56970429E+00
+12.00 -6.50 8.56970429E+00
+12.50 -6.50 8.56970429E+00
+13.00 -6.50 8.56970429E+00
-15.00 -6.25 8.56970429E+00
-14.50 -6.25 8.56970429E+00
-14.00 -6.25 8.56970429E+00
-13.50 -6.25 8.56970429E+00
-13.00 -6.25 8.56970429E+00
-12.50 -6.25 8.56970429E+00
-12.00 -6.25 8.56970429E+00
-11.50 -6.25 8.56970429E+00
-11.00 -6.25 8.56970429E+00
-10.50 -6.25 8.56970429E+00
-10.00 -6.25 8.56970429E+00
-9.50 -6.25 8.56970429E+00
-9.00 -6.25 8.56970429E+00
-8.50 -6.25 8.56970429E+00
-8.00 -6.25 8.56970429E+00
-7.50 -6.25 8.56970429E+00
-7.00 -6.25 8.56970429E+00
-6.50 -6.25 8.56970429E+00
-6.00 -6.25 8.56970429E+00
-5.50 -6.25 8.56970429E+00
-5.00 -6.25 8.56970429E+00
-4.50 -6.25 8.56970429E+00
-4.00 -6.25 8.56970429E+00
-3.50 -6.25 8.56970429E+00
-3.00 -6.25 8.56970429E+00
-2.50 -6.25 8.56970429E+00
-2.00 -6.25 8.56970429E+00
-1.50 -6.25 8.56970429E+00
-1.00 -6.25 8.56970429E+00
-0.50 -6.25 8.56970429E+00
+0.00 -6.25 8.56970429E+00
+0.50 -6.25 8.56970429E+00
+1.00 -6.25 8.56970429E+00
+1.50 -6.25 8.56970429E+00
+2.00 -6.25 8.56970429E+00
+2.50 -6.25 8.56970429E+00
+3.00 -6.25 8.56970429E+00
+3.50 -6.25 8.56970429E+00
+4.00 -6.25 8.56970429E+00
+4.50 -6.25 8.56970429E+00
+5.00 -6.25 8.56970429E+00
+5.50 -6.25 8.56970429E+00
+6.00 -6.25 8.56970429E+00
+6.50 -6.25 8.56970429E+00
+7.00 -6.25 8.56970429E+00
+7.50 -6.25 8.56970429E+00
+8.00 -6.25 8.56970429E+00
+8.50 -6.25 8.56970429E+00
+9.00 -6.25 8.56970429E+00
+9.50 -6.25 8.56970429E+00
+10.00 -6.25 8.56970429E+00
+10.50 -6.25 8.56970429E+00
+11.00 -6.25 8.56970429E+00
+11.50 -6.25 8.56970429E+00
+12.00 -6.25 8.56970429E+00
+12.50 -6.25 8.56970429E+00
+13.00 -6.25 8.56970429E+00
-15.00 -6.00 8.56970429E+00
-14.50 -6.00 8.56970429E+00
-14.00 -6.00 8.56970429E+00
-13.50 -6.00 8.56970429E+00
-13.00 -6.00 8.56970429E+00
-12.50 -6.00 8.56970429E+00
-12.00 -6.00 8.56970429E+00
-11.50 -6.00 8.56970429E+00
-11.00 -6.00 8.56970429E+00
-10.50 -6.00 8.56970429E+00
-10.00 -6.00 8.56970429E+00
-9.50 -6.00 8.56970429E+00
-9.00 -6.00 8.56970429E+00
-8.50 -6.00 8.56970429E+00
-8.00 -6.00 8.56970429E+00
-7.50 -6.00 8.56970429E+00
-7.00 -6.00 8.56970429E+00
-6.50 -6.00 8.56970429E+00
-6.00 -6.00 8.56970429E+00
-5.50 -6.00 8.56970429E+00
-5.00 -6.00 8.56970429E+00
-4.50 -6.00 8.56970429E+00
-4.00 -6.00 8.56970429E+00
-3.50 -6.00 8.56970429E+00
-3.00 -6.00 8.56970429E+00
-2.50 -6.00 8.56970429E+00
-2.00 -6.00 8.56970429E+00
-1.50 -6.00 8.56970429E+00
-1.00 -6.00 8.56970429E+00
-0.50 -6.00 8.56970429E+00
+0.00 -6.00 8.56970429E+00
+0.50 -6.00 8.56970429E+00
+1.00 -6.00 8.56970429E+00
+1.50 -6.00 8.56970429E+00
+2.00 -6.00 8.56970429E+00
+2.50 -6.00 8.56970429E+00
+3.00 -6.00 8.56970429E+00
+3.50 -6.00 8.56970429E+00
+4.00 -6.00 8.56970429E+00
+4.50 -6.00 8.56970429E+00
+5.00 -6.00 8.56970429E+00
+5.50 -6.00 8.56970429E+00
+6.00 -6.00 8.56970429E+00
+6.50 -6.00 8.56970429E+00
+7.00 -6.00 8.56970429E+00
+7.50 -6.00 8.56970429E+00
+8.00 -6.00 8.56970429E+00
+8.50 -6.00 8.56970429E+00
+9.00 -6.00 8.56970429E+00
+9.50 -6.00 8.56970429E+00
+10.00 -6.00 8.56970429E+00
+10.50 -6.00 8.56970429E+00
+11.00 -6.00 8.56970429E+00
+11.50 -6.00 8.56970429E+00
+12.00 -6.00 8.56970429E+00
+12.50 -6.00 8.56970429E+00
+13.00 -6.00 8.56970429E+00
-15.00 -5.75 8.56970429E+00
-14.50 -5.75 8.56970429E+00
-14.00 -5.75 8.56970429E+00
-13.50 -5.75 8.56970429E+00
-13.00 -5.75 8.56970429E+00
-12.50 -5.75 8.56970429E+00
-12.00 -5.75 8.56970429E+00
-11.50 -5.75 8.56970429E+00
-11.00 -5.75 8.56970429E+00
-10.50 -5.75 8.56970429E+00
-10.00 -5.75 8.56970429E+00
-9.50 -5.75 8.56970429E+00
-9.00 -5.75 8.56970429E+00
-8.50 -5.75 8.56970429E+00
-8.00 -5.75 8.56970429E+00
-7.50 -5.75 8.56970429E+00
-7.00 -5.75 8.56970429E+00
-6.50 -5.75 8.56970429E+00
-6.00 -5.75 8.56970429E+00
-5.50 -5.75 8.56970429E+00
-5.00 -5.75 8.56970429E+00
-4.50 -5.75 8.56970429E+00
-4.00 -5.75 8.56970429E+00
-3.50 -5.75 8.56970429E+00
-3.00 -5.75 8.56970429E+00
-2.50 -5.75 8.56970429E+00
-2.00 -5.75 8.56970429E+00
-1.50 -5.75 8.56970429E+00
-1.00 -5.75 8.56970429E+00
-0.50 -5.75 8.56970429E+00
+0.00 -5.75 8.56970429E+00
+0.50 -5.75 8.56970429E+00
+1.00 -5.75 8.56970429E+00
+1.50 -5.75 8.56970429E+00
+2.00 -5.75 8.56970429E+00
+2.50 -5.75 8.56970429E+00
+3.00 -5.75 8.56970429E+00
+3.50 -5.75 8.56970429E+00
+4.00 -5.75 8.56970429E+00
+4.50 -5.75 8.56970429E+00
+5.00 -5.75 8.56970429E+00
+5.50 -5.75 8.56970429E+00
+6.00 -5.75 8.56970429E+00
+6.50 -5.75 8.56970429E+00
+7.00 -5.75 8.56970429E+00
+7.50 -5.75 8.56970429E+00
+8.00 -5.75 8.56970429E+00
+8.50 -5.75 8.56970429E+00
+9.00 -5.75 8.56970429E+00
+9.50 -5.75 8.56970429E+00
+10.00 -5.75 8.56970429E+00
+10.50 -5.75 8.56970429E+00
+11.00 -5.75 8.56970429E+00
+11.50 -5.75 8.56970429E+00
+12.00 -5.75 8.56970429E+00
+12.50 -5.75 8.56970429E+00
+13.00 -5.75 8.56970429E+00
-15.00 -5.50 8.56970429E+00
-14.50 -5.50 8.56970429E+00
-14.00 -5.50 8.56970429E+00
-13.50 -5.50 8.56970429E+00
-13.00 -5.50 8.56970429E+00
-12.50 -5.50 8.56970429E+00
-12.00 -5.50 8.56970429E+00
-11.50 -5.50 8.56970429E+00
-11.00 -5.50 8.56970429E+00
-10.50 -5.50 8.56970429E+00
-10.00 -5.50 8.56970429E+00
-9.50 -5.50 8.56970429E+00
-9.00 -5.50 8.56970429E+00
-8.50 -5.50 8.56970429E+00
-8.00 -5.50 8.56970429E+00
-7.50 -5.50 8.56970429E+00
-7.00 -5.50 8.56970429E+00
-6.50 -5.50 8.56970429E+00
-6.00 -5.50 8.56970429E+00
-5.50 -5.50 8.56970429E+00
-5.00 -5.50 8.56970429E+00
-4.50 -5.50 8.56970429E+00
-4.00 -5.50 8.56970429E+00
-3.50 -5.50 8.56970429E+00
-3.00 -5.50 8.56970429E+00
-2.50 -5.50 8.56970429E+00
-2.00 -5.50 8.56970429E+00
-1.50 -5.50 8.56970429E+00
-1.00 -5.50 8.56970429E+00
-0.50 -5.50 8.56970429E+00
+0.00 -5.50 8.56970429E+00
+0.50 -5.50 8.56970429E+00
+1.00 -5.50 8.56970429E+00
+1.50 -5.50 8.56970429E+00
+2.00 -5.50 8.56970429E+00
+2.50 -5.50 8.56970429E+00
+3.00 -5.50 8.56970429E+00
+3.50 -5.50 8.56970429E+00
+4.00 -5.50 8.56970429E+00
+4.50 -5.50 8.56970429E+00
+5.00 -5.50 8.56970429E+00
+5.50 -5.50 8.56970429E+00
+6.00 -5.50 8.56970429E+00
+6.50 -5.50 8.56970429E+00
+7.00 -5.50 8.56970429E+00
+7.50 -5.50 8.56970429E+00
+8.00 -5.50 8.56970429E+00
+8.50 -5.50 8.56970429E+00
+9.00 -5.50 8.56970429E+00
+9.50 -5.50 8.56970429E+00
+10.00 -5.50 8.56970429E+00
+10.50 -5.50 8.56970429E+00
+11.00 -5.50 8.56970429E+00
+11.50 -5.50 8.56970429E+00
+12.00 -5.50 8.56970429E+00
+12.50 -5.50 8.56970429E+00
+13.00 -5.50 8.56970429E+00
-15.00 -5.25 8.56970429E+00
-14.50 -5.25 8.56970429E+00
-14.00 -5.25 8.56970429E+00
-13.50 -5.25 8.56970429E+00
-13.00 -5.25 8.56970429E+00
-12.50 -5.25 8.56970429E+00
-12.00 -5.25 8.56970429E+00
-11.50 -5.25 8.56970429E+00
-11.00 -5.25 8.56970429E+00
-10.50 -5.25 8.56970429E+00
-10.00 -5.25 8.56970429E+00
-9.50 -5.25 8.56970429E+00
-9.00 -5.25 8.56970429E+00
-8.50 -5.25 8.56970429E+00
-8.00 -5.25 8.56970429E+00
-7.50 -5.25 8.56970429E+00
-7.00 -5.25 8.56970429E+00
-6.50 -5.25 8.56970429E+00
-6.00 -5.25 8.56970429E+00
-5.50 -5.25 8.56970429E+00
-5.00 -5.25 8.56970429E+00
-4.50 -5.25 8.56970429E+00
-4.00 -5.25 8.56970429E+00
-3.50 -5.25 8.56970429E+00
-3.00 -5.25 8.56970429E+00
-2.50 -5.25 8.56970429E+00
-2.00 -5.25 8.56970429E+00
-1.50 -5.25 8.56970429E+00
-1.00 -5.25 8.56970429E+00
-0.50 -5.25 8.56970429E+00
+0.00 -5.25 8.56970429E+00
+0.50 -5.25 8.56970429E+00
+1.00 -5.25 8.56970429E+00
+1.50 -5.25 8.56970429E+00
+2.00 -5.25 8.56970429E+00
+2.50 -5.25 8.56970429E+00
+3.00 -5.25 8.56970429E+00
+3.50 -5.25 8.56970429E+00
+4.00 -5.25 8.56970429E+00
+4.50 -5.25 8.56970429E+00
+5.00 -5.25 8.56970429E+00
+5.50 -5.25 8.56970429E+00
+6.00 -5.25 8.56970429E+00
+6.50 -5.25 8.56970429E+00
+7.00 -5.25 8.56970429E+00
+7.50 -5.25 8.56970429E+00
+8.00 -5.25 8.56970429E+00
+8.50 -5.25 8.56970429E+00
+9.00 -5.25 8.56970429E+00
+9.50 -5.25 8.56970429E+00
+10.00 -5.25 8.56970429E+00
+10.50 -5.25 8.56970429E+00
+11.00 -5.25 8.56970429E+00
+11.50 -5.25 8.56970429E+00
+12.00 -5.25 8.56970429E+00
+12.50 -5.25 8.56970429E+00
+13.00 -5.25 8.56970429E+00
-15.00 -5.00 8.56970429E+00
-14.50 -5.00 8.56970429E+00
-14.00 -5.00 8.56970429E+00
-13.50 -5.00 8.56970429E+00
-13.00 -5.00 8.56970429E+00
-12.50 -5.00 8.56970429E+00
-12.00 -5.00 8.56970429E+00
-11.50 -5.00 8.56970429E+00
-11.00 -5.00 8.56970429E+00
-10.50 -5.00 8.56970429E+00
-10.00 -5.00 8.56970429E+00
-9.50 -5.00 8.56970429E+00
-9.00 -5.00 8.56970429E+00
-8.50 -5.00 8.56970429E+00
-8.00 -5.00 8.56970429E+00
-7.50 -5.00 8.56970429E+00
-7.00 -5.00 8.56970429E+00
-6.50 -5.00 8.56970429E+00
-6.00 -5.00 8.56970429E+00
-5.50 -5.00 8.56970429E+00
-5.00 -5.00 8.56970429E+00
-4.50 -5.00 8.56970429E+00
-4.00 -5.00 8.56970429E+00
-3.50 -5.00 8.56970429E+00
-3.00 -5.00 8.56970429E+00
-2.50 -5.00 8.56970429E+00
-2.00 -5.00 8.56970429E+00
-1.50 -5.00 8.56970429E+00
-1.00 -5.00 8.56970429E+00
-0.50 -5.00 8.56970429E+00
+0.00 -5.00 8.56970429E+00
+0.50 -5.00 8.56970429E+00
+1.00 -5.00 8.56970429E+00
+1.50 -5.00 8.56970429E+00
+2.00 -5.00 8.56970429E+00
+2.50 -5.00 8.56970429E+00
+3.00 -5.00 8.56970429E+00
+3.50 -5.00 8.56970429E+00
+4.00 -5.00 8.56970429E+00
+4.50 -5.00 8.56970429E+00
+5.00 -5.00 8.56970429E+00
+5.50 -5.00 8.56970429E+00
+6.00 -5.00 8.56970429E+00
+6.50 -5.00 8.56970429E+00
+7.00 -5.00 8.56970429E+00
+7.50 -5.00 8.56970429E+00
+8.00 -5.00 8.56970429E+00
+8.50 -5.00 8.56970429E+00
+9.00 -5.00 8.56970429E+00
+9.50 -5.00 8.56970429E+00
+10.00 -5.00 8.56970429E+00
+10.50 -5.00 8.56970429E+00
+11.00 -5.00 8.56970429E+00
+11.50 -5.00 8.56970429E+00
+12.00 -5.00 8.56970429E+00
+12.50 -5.00 8.56970429E+00
+13.00 -5.00 8.56970429E+00
-15.00 -4.75 8.56970429E+00
-14.50 -4.75 8.56970429E+00
-14.00 -4.75 8.56970429E+00
-13.50 -4.75 8.56970429E+00
-13.00 -4.75 8.56970429E+00
-12.50 -4.75 8.56970429E+00
-12.00 -4.75 8.56970429E+00
-11.50 -4.75 8.56970429E+00
-11.00 -4.75 8.56970429E+00
-10.50 -4.75 8.56970429E+00
-10.00 -4.75 8.56970429E+00
-9.50 -4.75 8.56970429E+00
-9.00 -4.75 8.56970429E+00
-8.50 -4.75 8.56970429E+00
-8.00 -4.75 8.56970429E+00
-7.50 -4.75 8.56970429E+00
-7.00 -4.75 8.56970429E+00
-6.50 -4.75 8.56970429E+00
-6.00 -4.75 8.56970429E+00
-5.50 -4.75 8.56970429E+00
-5.00 -4.75 8.56970429E+00
-4.50 -4.75 8.56970429E+00
-4.00 -4.75 8.56970429E+00
-3.50 -4.75 8.56970429E+00
-3.00 -4.75 8.56970429E+00
-2.50 -4.75 8.56970429E+00
-2.00 -4.75 8.56970429E+00
-1.50 -4.75 8.56970429E+00
-1.00 -4.75 8.56970429E+00
-0.50 -4.75 8.56970429E+00
+0.00 -4.75 8.56970429E+00
+0.50 -4.75 8.56970429E+00
+1.00 -4.75 8.56970429E+00
+1.50 -4.75 8.56970429E+00
+2.00 -4.75 8.56970429E+00
+2.50 -4.75 8.56970429E+00
+3.00 -4.75 8.56970429E+00
+3.50 -4.75 8.56970429E+00
+4.00 -4.75 8.56970429E+00
+4.50 -4.75 8.56970429E+00
+5.00 -4.75 8.56970429E+00
+5.50 -4.75 8.56970429E+00
+6.00 -4.75 8.56970429E+00
+6.50 -4.75 8.56970429E+00
+7.00 -4.75 8.56970429E+00
+7.50 -4.75 8.56970429E+00
+8.00 -4.75 8.56970429E+00
+8.50 -4.75 8.56970429E+00
+9.00 -4.75 8.56970429E+00
+9.50 -4.75 8.56970429E+00
+10.00 -4.75 8.56970429E+00
+10.50 -4.75 8.56970429E+00
+11.00 -4.75 8.56970429E+00
+11.50 -4.75 8.56970429E+00
+12.00 -4.75 8.56970429E+00
+12.50 -4.75 8.56970429E+00
+13.00 -4.75 8.56970429E+00
-15.00 -4.50 8.56970429E+00
-14.50 -4.50 8.56970429E+00
-14.00 -4.50 8.56970429E+00
-13.50 -4.50 8.56970429E+00
-13.00 -4.50 8.56970429E+00
-12.50 -4.50 8.56970429E+00
-12.00 -4.50 8.56970429E+00
-11.50 -4.50 8.56970429E+00
-11.00 -4.50 8.56970429E+00
-10.50 -4.50 8.56970429E+00
-10.00 -4.50 8.56970429E+00
-9.50 -4.50 8.56970429E+00
-9.00 -4.50 8.56970429E+00
-8.50 -4.50 8.56970429E+00
-8.00 -4.50 8.56970429E+00
-7.50 -4.50 8.56970429E+00
-7.00 -4.50 8.56970429E+00
-6.50 -4.50 8.56970429E+00
-6.00 -4.50 8.56970429E+00
-5.50 -4.50 8.56970429E+00
-5.00 -4.50 5.02631284E+00
-4.50 -4.50 8.56970429E+00
-4.00 -4.50 8.56970429E+00
-3.50 -4.50 8.56970429E+00
-3.00 -4.50 4.89163848E+00
-2.50 -4.50 4.81123570E+00
-2.00 -4.50 4.89163848E+00
-1.50 -4.50 8.56970429E+00
-1.00 -4.50 4.89163848E+00
-0.50 -4.50 8.56970429E+00
+0.00 -4.50 8.56970429E+00
+0.50 -4.50 4.89163848E+00
+1.00 -4.50 8.56970429E+00
+1.50 -4.50 8.56970429E+00
+2.00 -4.50 8.56970429E+00
+2.50 -4.50 4.89163848E+00
+3.00 -4.50 8.56970429E+00
+3.50 -4.50 8.56970429E+00
+4.00 -4.50 8.56970429E+00
+4.50 -4.50 8.56970429E+00
+5.00 -4.50 8.56970429E+00
+5.50 -4.50 8.56970429E+00
+6.00 -4.50 8.56970429E+00
+6.50 -4.50 8.56970429E+00
+7.00 -4.50 8.56970429E+00
+7.50 -4.50 8.56970429E+00
+8.00 -4.50 8.56970429E+00
+8.50 -4.50 8.56970429E+00
+9.00 -4.50 8.56970429E+00
+9.50 -4.50 8.56970429E+00
+10.00 -4.50 8.56970429E+00
+10.50 -4.50 8.56970429E+00
+11.00 -4.50 8.56970429E+00
+11.50 -4.50 8.56970429E+00
+12.00 -4.50 8.56970429E+00
+12.50 -4.50 8.56970429E+00
+13.00 -4.50 8.56970429E+00
-15.00 -4.25 8.56970429E+00
-14.50 -4.25 8.56970429E+00
-14.00 -4.25 8.56970429E+00
-13.50 -4.25 8.56970429E+00
-13.00 -4.25 8.56970429E+00
-12.50 -4.25 8.56970429E+00
-12.00 -4.25 8.56970429E+00
-11.50 -4.25 8.56970429E+00
-11.00 -4.25 8.56970429E+00
-10.50 -4.25 8.56970429E+00
-10.00 -4.25 8.56970429E+00
-9.50 -4.25 8.56970429E+00
-9.00 -4.25 8.56970429E+00
-8.50 -4.25 8.56970429E+00
-8.00 -4.25 8.56970429E+00
-7.50 -4.25 8.56970429E+00
-7.00 -4.25 8.56970429E+00
-6.50 -4.25 8.56970429E+00
-6.00 -4.25 8.56970429E+00
-5.50 -4.25 5.02631284E+00
-5.00 -4.25 4.67081982E+00
-4.50 -4.25 5.02631284E+00
-4.00 -4.25 4.36867959E+00
-3.50 -4.25 4.28835654E+00
-3.00 -4.25 4.17346634E+00
-2.50 -4.25 4.30764758E+00
-2.00 -4.25 4.29461088E+00
-1.50 -4.25 8.56970429E+00
-1.00 -4.25 4.23851815E+00
-0.50 -4.25 4.13497065E+00
+0.00 -4.25 4.36010508E+00
+0.50 -4.25 4.32868838E+00
+1.00 -4.25 4.14152783E+00
+1.50 -4.25 4.36867959E+00
+2.00 -4.25 4.54475189E+00
+2.50 -4.25 4.75342431E+00
+3.00 -4.25 8.56970429E+00
+3.50 -4.25 4.89163848E+00
+4.00 -4.25 8.56970429E+00
+4.50 -4.25 8.56970429E+00
+5.00 -4.25 8.56970429E+00
+5.50 -4.25 8.56970429E+00
+6.00 -4.25 8.56970429E+00
+6.50 -4.25 8.56970429E+00
+7.00 -4.25 8.56970429E+00
+7.50 -4.25 8.56970429E+00
+8.00 -4.25 8.56970429E+00
+8.50 -4.25 8.56970429E+00
+9.00 -4.25 8.56970429E+00
+9.50 -4.25 8.56970429E+00
+10.00 -4.25 8.56970429E+00
+10.50 -4.25 8.56970429E+00
+11.00 -4.25 8.56970429E+00
+11.50 -4.25 8.56970429E+00
+12.00 -4.25 8.56970429E+00
+12.50 -4.25 8.56970429E+00
+13.00 -4.25 8.56970429E+00
-15.00 -4.00 8.56970429E+00
-14.50 -4.00 8.56970429E+00
-14.00 -4.00 8.56970429E+00
-13.50 -4.00 8.56970429E+00
-13.00 -4.00 8.56970429E+00
-12.50 -4.00 8.56970429E+00
-12.00 -4.00 8.56970429E+00
-11.50 -4.00 8.56970429E+00
-11.00 -4.00 8.56970429E+00
-10.50 -4.00 8.56970429E+00
-10.00 -4.00 8.56970429E+00
-9.50 -4.00 8.56970429E+00
-9.00 -4.00 8.56970429E+00
-8.50 -4.00 8.56970429E+00
-8.00 -4.00 8.56970429E+00
-7.50 -4.00 8.56970429E+00
-7.00 -4.00 8.56970429E+00
-6.50 -4.00 4.63905849E+00
-6.00 -4.00 4.54475189E+00
-5.50 -4.00 4.40661206E+00
-5.00 -4.00 4.03978597E+00
-4.50 -4.00 4.01677502E+00
-4.00 -4.00 3.85868234E+00
-3.50 -4.00 3.59854702E+00
-3.00 -4.00 3.45785221E+00
-2.50 -4.00 3.58739356E+00
-2.00 -4.00 3.55919024E+00
-1.50 -4.00 3.46920551E+00
-1.00 -4.00 3.44267080E+00
-0.50 -4.00 3.33959715E+00
+0.00 -4.00 3.56238565E+00
+0.50 -4.00 3.45711095E+00
+1.00 -4.00 3.46359921E+00
+1.50 -4.00 3.51819070E+00
+2.00 -4.00 3.82363226E+00
+2.50 -4.00 3.98669523E+00
+3.00 -4.00 4.21935706E+00
+3.50 -4.00 4.41717341E+00
+4.00 -4.00 4.24356154E+00
+4.50 -4.00 4.75342431E+00
+5.00 -4.00 4.75342431E+00
+5.50 -4.00 8.56970429E+00
+6.00 -4.00 8.56970429E+00
+6.50 -4.00 8.56970429E+00
+7.00 -4.00 8.56970429E+00
+7.50 -4.00 8.56970429E+00
+8.00 -4.00 8.56970429E+00
+8.50 -4.00 8.56970429E+00
+9.00 -4.00 8.56970429E+00
+9.50 -4.00 8.56970429E+00
+10.00 -4.00 8.56970429E+00
+10.50 -4.00 8.56970429E+00
+11.00 -4.00 8.56970429E+00
+11.50 -4.00 8.56970429E+00
+12.00 -4.00 8.56970429E+00
+12.50 -4.00 8.56970429E+00
+13.00 -4.00 8.56970429E+00
-15.00 -3.75 8.56970429E+00
-14.50 -3.75 8.56970429E+00
-14.00 -3.75 8.56970429E+00
-13.50 -3.75 8.56970429E+00
-13.00 -3.75 8.56970429E+00
-12.50 -3.75 8.56970429E+00
-12.00 -3.75 8.56970429E+00
-11.50 -3.75 8.56970429E+00
-11.00 -3.75 8.56970429E+00
-10.50 -3.75 8.56970429E+00
-10.00 -3.75 8.56970429E+00
-9.50 -3.75 8.56970429E+00
-9.00 -3.75 4.89163848E+00
-8.50 -3.75 4.89163848E+00
-8.00 -3.75 4.70812972E+00
-7.50 -3.75 4.45218723E+00
-7.00 -3.75 4.34386118E+00
-6.50 -3.75 3.97628577E+00
-6.00 -3.75 3.71339170E+00
-5.50 -3.75 3.59611907E+00
-5.00 -3.75 3.38242077E+00
-4.50 -3.75 3.26245938E+00
-4.00 -3.75 3.17169899E+00
-3.50 -3.75 3.15627157E+00
-3.00 -3.75 2.90279385E+00
-2.50 -3.75 2.87942583E+00
-2.00 -3.75 2.95699813E+00
-1.50 -3.75 2.94572377E+00
-1.00 -3.75 3.00727636E+00
-0.50 -3.75 2.91297784E+00
+0.00 -3.75 2.85597420E+00
+0.50 -3.75 2.99255810E+00
+1.00 -3.75 3.02171148E+00
+1.50 -3.75 3.19014790E+00
+2.00 -3.75 3.18771864E+00
+2.50 -3.75 3.34477280E+00
+3.00 -3.75 3.56888773E+00
+3.50 -3.75 3.52971979E+00
+4.00 -3.75 3.69429235E+00
+4.50 -3.75 3.98669523E+00
+5.00 -3.75 4.22400380E+00
+5.50 -3.75 4.31445102E+00
+6.00 -3.75 4.52638932E+00
+6.50 -3.75 8.56970429E+00
+7.00 -3.75 8.56970429E+00
+7.50 -3.75 8.56970429E+00
+8.00 -3.75 8.56970429E+00
+8.50 -3.75 8.56970429E+00
+9.00 -3.75 8.56970429E+00
+9.50 -3.75 8.56970429E+00
+10.00 -3.75 8.56970429E+00
+10.50 -3.75 8.56970429E+00
+11.00 -3.75 8.56970429E+00
+11.50 -3.75 8.56970429E+00
+12.00 -3.75 8.56970429E+00
+12.50 -3.75 8.56970429E+00
+13.00 -3.75 8.56970429E+00
-15.00 -3.50 8.56970429E+00
-14.50 -3.50 8.56970429E+00
-14.00 -3.50 8.56970429E+00
-13.50 -3.50 8.56970429E+00
-13.00 -3.50 8.56970429E+00
-12.50 -3.50 8.56970429E+00
-12.00 -3.50 8.56970429E+00
-11.50 -3.50 8.56970429E+00
-11.00 -3.50 8.56970429E+00
-10.50 -3.50 8.56970429E+00
-10.00 -3.50 8.56970429E+00
-9.50 -3.50 8.56970429E+00
-9.00 -3.50 4.75342431E+00
-8.50 -3.50 4.45218723E+00
-8.00 -3.50 4.25937424E+00
-7.50 -3.50 3.98317725E+00
-7.00 -3.50 3.48753232E+00
-6.50 -3.50 3.46972061E+00
-6.00 -3.50 3.21410898E+00
-5.50 -3.50 3.19953390E+00
-5.00 -3.50 2.85361412E+00
-4.50 -3.50 2.78629092E+00
-4.00 -3.50 2.71708345E+00
-3.50 -3.50 2.41169634E+00
-3.00 -3.50 2.55070590E+00
-2.50 -3.50 2.28521882E+00
-2.00 -3.50 2.38811590E+00
-1.50 -3.50 2.29842697E+00
-1.00 -3.50 2.40978326E+00
-0.50 -3.50 2.41083608E+00
+0.00 -3.50 2.47646671E+00
+0.50 -3.50 2.47124112E+00
+1.00 -3.50 2.55041421E+00
+1.50 -3.50 2.48708396E+00
+2.00 -3.50 2.72836053E+00
+2.50 -3.50 2.61717836E+00
+3.00 -3.50 3.00190034E+00
+3.50 -3.50 3.18872854E+00
+4.00 -3.50 3.19859296E+00
+4.50 -3.50 3.47782491E+00
+5.00 -3.50 3.63871671E+00
+5.50 -3.50 4.03116950E+00
+6.00 -3.50 3.99026325E+00
+6.50 -3.50 4.42825170E+00
+7.00 -3.50 4.50943665E+00
+7.50 -3.50 8.56970429E+00
+8.00 -3.50 8.56970429E+00
+8.50 -3.50 8.56970429E+00
+9.00 -3.50 8.56970429E+00
+9.50 -3.50 8.56970429E+00
+10.00 -3.50 8.56970429E+00
+10.50 -3.50 8.56970429E+00
+11.00 -3.50 8.56970429E+00
+11.50 -3.50 8.56970429E+00
+12.00 -3.50 8.56970429E+00
+12.50 -3.50 8.56970429E+00
+13.00 -3.50 8.56970429E+00
-15.00 -3.25 8.56970429E+00
-14.50 -3.25 8.56970429E+00
-14.00 -3.25 8.56970429E+00
-13.50 -3.25 8.56970429E+00
-13.00 -3.25 8.56970429E+00
-12.50 -3.25 8.56970429E+00
-12.00 -3.25 8.56970429E+00
-11.50 -3.25 8.56970429E+00
-11.00 -3.25 5.02631284E+00
-10.50 -3.25 8.56970429E+00
-10.00 -3.25 4.75342431E+00
-9.50 -3.25 4.45218723E+00
-9.00 -3.25 3.99206649E+00
-8.50 -3.25 3.85442908E+00
-8.00 -3.25 3.43571148E+00
-7.50 -3.25 3.34578497E+00
-7.00 -3.25 3.11700254E+00
-6.50 -3.25 2.91106420E+00
-6.00 -3.25 2.54847513E+00
-5.50 -3.25 2.41003478E+00
-5.00 -3.25 2.39787481E+00
-4.50 -3.25 2.25520443E+00
-4.00 -3.25 2.06257001E+00
-3.50 -3.25 2.02031234E+00
-3.00 -3.25 1.79453699E+00
-2.50 -3.25 1.83809777E+00
-2.00 -3.25 1.90685783E+00
-1.50 -3.25 1.68766007E+00
-1.00 -3.25 1.66212856E+00
-0.50 -3.25 1.90042400E+00
+0.00 -3.25 1.67543711E+00
+0.50 -3.25 1.95805977E+00
+1.00 -3.25 1.85748981E+00
+1.50 -3.25 1.90927597E+00
+2.00 -3.25 2.27842111E+00
+2.50 -3.25 2.16952300E+00
+3.00 -3.25 2.28985886E+00
+3.50 -3.25 2.52654692E+00
+4.00 -3.25 2.69655893E+00
+4.50 -3.25 3.04900586E+00
+5.00 -3.25 3.15590676E+00
+5.50 -3.25 3.34680057E+00
+6.00 -3.25 3.62362741E+00
+6.50 -3.25 3.78372263E+00
+7.00 -3.25 8.56970429E+00
+7.50 -3.25 4.67081982E+00
+8.00 -3.25 4.75342431E+00
+8.50 -3.25 5.02631284E+00
+9.00 -3.25 8.56970429E+00
+9.50 -3.25 8.56970429E+00
+10.00 -3.25 8.56970429E+00
+10.50 -3.25 8.56970429E+00
+11.00 -3.25 8.56970429E+00
+11.50 -3.25 8.56970429E+00
+12.00 -3.25 8.56970429E+00
+12.50 -3.25 8.56970429E+00
+13.00 -3.25 8.56970429E+00
-15.00 -3.00 8.56970429E+00
-14.50 -3.00 8.56970429E+00
-14.00 -3.00 8.56970429E+00
-13.50 -3.00 8.56970429E+00
-13.00 -3.00 8.56970429E+00
-12.50 -3.00 8.56970429E+00
-12.00 -3.00 8.56970429E+00
-11.50 -3.00 8.56970429E+00
-11.00 -3.00 4.81123570E+00
-10.50 -3.00 4.49368851E+00
-10.00 -3.00 4.27054028E+00
-9.50 -3.00 3.97799101E+00
-9.00 -3.00 3.81442569E+00
-8.50 -3.00 3.50043471E+00
-8.00 -3.00 3.24162572E+00
-7.50 -3.00 2.85790354E+00
-7.00 -3.00 2.59713489E+00
-6.50 -3.00 2.47329122E+00
-6.00 -3.00 2.23970624E+00
-5.50 -3.00 2.03618781E+00
-5.00 -3.00 1.97613049E+00
-4.50 -3.00 1.59997558E+00
-4.00 -3.00 1.55886642E+00
-3.50 -3.00 1.47673942E+00
-3.00 -3.00 1.32760540E+00
-2.50 -3.00 1.38587361E+00
-2.00 -3.00 1.32956541E+00
-1.50 -3.00 1.23536552E+00
-1.00 -3.00 1.16626455E+00
-0.50 -3.00 1.15553111E+00
+0.00 -3.00 1.42094758E+00
+0.50 -3.00 1.20620100E+00
+1.00 -3.00 1.46971485E+00
+1.50 -3.00 1.48762620E+00
+2.00 -3.00 1.53634618E+00
+2.50 -3.00 1.79709840E+00
+3.00 -3.00 1.99679460E+00
+3.50 -3.00 2.03484968E+00
+4.00 -3.00 2.27480717E+00
+4.50 -3.00 2.60514644E+00
+5.00 -3.00 2.76702740E+00
+5.50 -3.00 2.91785341E+00
+6.00 -3.00 3.03611241E+00
+6.50 -3.00 3.25435540E+00
+7.00 -3.00 3.71775633E+00
+7.50 -3.00 3.75621865E+00
+8.00 -3.00 4.12858658E+00
+8.50 -3.00 4.75342431E+00
+9.00 -3.00 8.56970429E+00
+9.50 -3.00 8.56970429E+00
+10.00 -3.00 8.56970429E+00
+10.50 -3.00 8.56970429E+00
+11.00 -3.00 8.56970429E+00
+11.50 -3.00 8.56970429E+00
+12.00 -3.00 8.56970429E+00
+12.50 -3.00 8.56970429E+00
+13.00 -3.00 8.56970429E+00
-15.00 -2.75 8.56970429E+00
-14.50 -2.75 8.56970429E+00
-14.00 -2.75 8.56970429E+00
-13.50 -2.75 8.56970429E+00
-13.00 -2.75 8.56970429E+00
-12.50 -2.75 8.56970429E+00
-12.00 -2.75 8.56970429E+00
-11.50 -2.75 4.89163848E+00
-11.00 -2.75 4.70812972E+00
-10.50 -2.75 4.12236646E+00
-10.00 -2.75 3.96629011E+00
-9.50 -2.75 3.49028815E+00
-9.00 -2.75 3.18842523E+00
-8.50 -2.75 3.17045577E+00
-8.00 -2.75 2.70672754E+00
-7.50 -2.75 2.40966898E+00
-7.00 -2.75 2.13560651E+00
-6.50 -2.75 1.96423798E+00
-6.00 -2.75 1.82157498E+00
-5.50 -2.75 1.67564882E+00
-5.00 -2.75 1.34242418E+00
-4.50 -2.75 1.33123560E+00
-4.00 -2.75 1.14641011E+00
-3.50 -2.75 9.80840303E-01
-3.00 -2.75 9.30643510E-01
-2.50 -2.75 9.54434005E-01
-2.00 -2.75 8.23235649E-01
-1.50 -2.75 8.09861120E-01
-1.00 -2.75 8.09409743E-01
-0.50 -2.75 7.62558906E-01
+0.00 -2.75 6.92494243E-01
+0.50 -2.75 7.54610036E-01
+1.00 -2.75 9.31774646E-01
+1.50 -2.75 1.08581579E+00
+2.00 -2.75 1.13430889E+00
+2.50 -2.75 1.20591828E+00
+3.00 -2.75 1.46641596E+00
+3.50 -2.75 1.55946653E+00
+4.00 -2.75 1.68764706E+00
+4.50 -2.75 2.02206633E+00
+5.00 -2.75 2.31011117E+00
+5.50 -2.75 2.56517089E+00
+6.00 -2.75 2.82810121E+00
+6.50 -2.75 2.96013927E+00
+7.00 -2.75 3.13509238E+00
+7.50 -2.75 3.70129727E+00
+8.00 -2.75 3.87187802E+00
+8.50 -2.75 4.50943665E+00
+9.00 -2.75 4.70812972E+00
+9.50 -2.75 5.02631284E+00
+10.00 -2.75 8.56970429E+00
+10.50 -2.75 8.56970429E+00
+11.00 -2.75 8.56970429E+00
+11.50 -2.75 8.56970429E+00
+12.00 -2.75 8.56970429E+00
+12.50 -2.75 8.56970429E+00
+13.00 -2.75 8.56970429E+00
-15.00 -2.50 8.56970429E+00
-14.50 -2.50 8.56970429E+00
-14.00 -2.50 8.56970429E+00
-13.50 -2.50 8.56970429E+00
-13.00 -2.50 8.56970429E+00
-12.50 -2.50 8.56970429E+00
-12.00 -2.50 4.89163848E+00
-11.50 -2.50 4.52638932E+00
-11.00 -2.50 4.09345096E+00
-10.50 -2.50 3.74277387E+00
-10.00 -2.50 3.37937817E+00
-9.50 -2.50 3.22676097E+00
-9.00 -2.50 2.76350053E+00
-8.50 -2.50 2.50238412E+00
-8.00 -2.50 2.47441386E+00
-7.50 -2.50 2.17061880E+00
-7.00 -2.50 1.97146248E+00
-6.50 -2.50 1.61131309E+00
-6.00 -2.50 1.51933975E+00
-5.50 -2.50 1.15635128E+00
-5.00 -2.50 1.15250894E+00
-4.50 -2.50 8.43542692E-01
-4.00 -2.50 7.04705545E-01
-3.50 -2.50 5.90157593E-01
-3.00 -2.50 6.50466398E-01
-2.50 -2.50 6.75749031E-01
-2.00 -2.50 7.82257940E-01
-1.50 -2.50 4.52908681E-01
-1.00 -2.50 4.43823081E-01
-0.50 -2.50 5.67274793E-01
+0.00 -2.50 7.81874215E-01
+0.50 -2.50 5.62725232E-01
+1.00 -2.50 4.57518372E-01
+1.50 -2.50 6.91673329E-01
+2.00 -2.50 8.10630319E-01
+2.50 -2.50 8.25964905E-01
+3.00 -2.50 1.12953195E+00
+3.50 -2.50 1.15591360E+00
+4.00 -2.50 1.34305242E+00
+4.50 -2.50 1.71161306E+00
+5.00 -2.50 1.85401859E+00
+5.50 -2.50 2.11853836E+00
+6.00 -2.50 2.37221079E+00
+6.50 -2.50 2.52948517E+00
+7.00 -2.50 3.00924248E+00
+7.50 -2.50 3.23568787E+00
+8.00 -2.50 3.44932013E+00
+8.50 -2.50 3.71277392E+00
+9.00 -2.50 4.22400380E+00
+9.50 -2.50 8.56970429E+00
+10.00 -2.50 4.89163848E+00
+10.50 -2.50 8.56970429E+00
+11.00 -2.50 8.56970429E+00
+11.50 -2.50 8.56970429E+00
+12.00 -2.50 8.56970429E+00
+12.50 -2.50 8.56970429E+00
+13.00 -2.50 8.56970429E+00
-15.00 -2.25 8.56970429E+00
-14.50 -2.25 8.56970429E+00
-14.00 -2.25 8.56970429E+00
-13.50 -2.25 8.56970429E+00
-13.00 -2.25 8.56970429E+00
-12.50 -2.25 8.56970429E+00
-12.00 -2.25 8.56970429E+00
-11.50 -2.25 4.23851815E+00
-11.00 -2.25 3.99026325E+00
-10.50 -2.25 3.51636444E+00
-10.00 -2.25 3.39551348E+00
-9.50 -2.25 3.10481200E+00
-9.00 -2.25 2.58489025E+00
-8.50 -2.25 2.24870140E+00
-8.00 -2.25 2.01960862E+00
-7.50 -2.25 1.69037361E+00
-7.00 -2.25 1.55228728E+00
-6.50 -2.25 1.20557993E+00
-6.00 -2.25 9.49686640E-01
-5.50 -2.25 9.34663971E-01
-5.00 -2.25 6.07067677E-01
-4.50 -2.25 4.65133301E-01
-4.00 -2.25 5.61824644E-01
-3.50 -2.25 7.41288554E-01
-3.00 -2.25 6.76375135E-01
-2.50 -2.25 7.39303046E-01
-2.00 -2.25 4.52842719E-01
-1.50 -2.25 6.15493289E-01
-1.00 -2.25 5.27020288E-01
-0.50 -2.25 7.81596916E-01
+0.00 -2.25 6.27490899E-01
+0.50 -2.25 4.52856606E-01
+1.00 -2.25 5.57406830E-01
+1.50 -2.25 6.47044722E-01
+2.00 -2.25 5.63057838E-01
+2.50 -2.25 4.66045406E-01
+3.00 -2.25 7.44894501E-01
+3.50 -2.25 9.33785598E-01
+4.00 -2.25 9.50076270E-01
+4.50 -2.25 1.41977567E+00
+5.00 -2.25 1.47899744E+00
+5.50 -2.25 1.71735132E+00
+6.00 -2.25 1.97232077E+00
+6.50 -2.25 2.49773384E+00
+7.00 -2.25 2.62462282E+00
+7.50 -2.25 2.92016153E+00
+8.00 -2.25 3.34460444E+00
+8.50 -2.25 3.45440915E+00
+9.00 -2.25 3.81806957E+00
+9.50 -2.25 4.14487441E+00
+10.00 -2.25 4.89163848E+00
+10.50 -2.25 8.56970429E+00
+11.00 -2.25 8.56970429E+00
+11.50 -2.25 8.56970429E+00
+12.00 -2.25 8.56970429E+00
+12.50 -2.25 8.56970429E+00
+13.00 -2.25 8.56970429E+00
-15.00 -2.00 8.56970429E+00
-14.50 -2.00 8.56970429E+00
-14.00 -2.00 8.56970429E+00
-13.50 -2.00 8.56970429E+00
-13.00 -2.00 8.56970429E+00
-12.50 -2.00 4.89163848E+00
-12.00 -2.00 4.30103787E+00
-11.50 -2.00 3.98493007E+00
-11.00 -2.00 3.53843918E+00
-10.50 -2.00 3.34477280E+00
-10.00 -2.00 3.06633552E+00
-9.50 -2.00 2.74424638E+00
-9.00 -2.00 2.37184529E+00
-8.50 -2.00 2.03789435E+00
-8.00 -2.00 1.68692643E+00
-7.50 -2.00 1.35062996E+00
-7.00 -2.00 1.31209525E+00
-6.50 -2.00 1.07534566E+00
-6.00 -2.00 8.05632986E-01
-5.50 -2.00 5.19321590E-01
-5.00 -2.00 4.43926119E-01
-4.50 -2.00 5.62938152E-01
-4.00 -2.00 7.65939166E-01
-3.50 -2.00 5.27574782E-01
-3.00 -2.00 5.47455987E-01
-2.50 -2.00 6.68361288E-01
-2.00 -2.00 8.27843740E-01
-1.50 -2.00 8.59439654E-01
-1.00 -2.00 8.64054413E-01
-0.50 -2.00 9.48255302E-01
+0.00 -2.00 8.60850295E-01
+0.50 -2.00 8.21279644E-01
+1.00 -2.00 7.95470267E-01
+1.50 -2.00 6.26532846E-01
+2.00 -2.00 4.44150192E-01
+2.50 -2.00 7.82132004E-01
+3.00 -2.00 6.75678168E-01
+3.50 -2.00 4.77163079E-01
+4.00 -2.00 7.66182029E-01
+4.50 -2.00 9.03003570E-01
+5.00 -2.00 1.27766237E+00
+5.50 -2.00 1.42157385E+00
+6.00 -2.00 1.90554703E+00
+6.50 -2.00 1.98704870E+00
+7.00 -2.00 2.47449417E+00
+7.50 -2.00 2.60477355E+00
+8.00 -2.00 3.02437185E+00
+8.50 -2.00 3.21797293E+00
+9.00 -2.00 3.86740424E+00
+9.50 -2.00 4.11931523E+00
+10.00 -2.00 4.75342431E+00
+10.50 -2.00 8.56970429E+00
+11.00 -2.00 8.56970429E+00
+11.50 -2.00 8.56970429E+00
+12.00 -2.00 8.56970429E+00
+12.50 -2.00 8.56970429E+00
+13.00 -2.00 8.56970429E+00
-15.00 -1.75 8.56970429E+00
-14.50 -1.75 8.56970429E+00
-14.00 -1.75 8.56970429E+00
-13.50 -1.75 8.56970429E+00
-13.00 -1.75 4.89163848E+00
-12.50 -1.75 4.75342431E+00
-12.00 -1.75 8.56970429E+00
-11.50 -1.75 3.95355051E+00
-11.00 -1.75 3.48398889E+00
-10.50 -1.75 3.13001059E+00
-10.00 -1.75 2.72324039E+00
-9.50 -1.75 2.61121937E+00
-9.00 -1.75 2.23494439E+00
-8.50 -1.75 1.80799679E+00
-8.00 -1.75 1.65369254E+00
-7.50 -1.75 1.33394159E+00
-7.00 -1.75 1.13015243E+00
-6.50 -1.75 6.94610389E-01
-6.00 -1.75 4.76563472E-01
-5.50 -1.75 5.62271578E-01
-5.00 -1.75 4.43190431E-01
-4.50 -1.75 6.74763553E-01
-4.00 -1.75 7.42177994E-01
-3.50 -1.75 8.72025439E-01
-3.00 -1.75 1.00374820E+00
-2.50 -1.75 1.19929824E+00
-2.00 -1.75 1.17423228E+00
-1.50 -1.75 1.36937527E+00
-1.00 -1.75 1.34204317E+00
-0.50 -1.75 1.17211721E+00
+0.00 -1.75 1.21675354E+00
+0.50 -1.75 1.09550833E+00
+1.00 -1.75 9.45766884E-01
+1.50 -1.75 8.10487581E-01
+2.00 -1.75 5.05942522E-01
+2.50 -1.75 6.27312365E-01
+3.00 -1.75 6.46516369E-01
+3.50 -1.75 4.52526826E-01
+4.00 -1.75 4.66046803E-01
+4.50 -1.75 8.24565174E-01
+5.00 -1.75 1.12865121E+00
+5.50 -1.75 1.33105170E+00
+6.00 -1.75 1.69049915E+00
+6.50 -1.75 1.85770090E+00
+7.00 -1.75 2.16582581E+00
+7.50 -1.75 2.48499020E+00
+8.00 -1.75 2.86066763E+00
+8.50 -1.75 3.22539266E+00
+9.00 -1.75 3.45392061E+00
+9.50 -1.75 3.99755546E+00
+10.00 -1.75 4.30764758E+00
+10.50 -1.75 4.81123570E+00
+11.00 -1.75 4.89163848E+00
+11.50 -1.75 5.02631284E+00
+12.00 -1.75 8.56970429E+00
+12.50 -1.75 8.56970429E+00
+13.00 -1.75 8.56970429E+00
-15.00 -1.50 8.56970429E+00
-14.50 -1.50 8.56970429E+00
-14.00 -1.50 8.56970429E+00
-13.50 -1.50 8.56970429E+00
-13.00 -1.50 8.56970429E+00
-12.50 -1.50 4.43990165E+00
-12.00 -1.50 4.00890867E+00
-11.50 -1.50 3.74835246E+00
-11.00 -1.50 3.53323977E+00
-10.50 -1.50 2.91115095E+00
-10.00 -1.50 2.74397587E+00
-9.50 -1.50 2.37311021E+00
-9.00 -1.50 2.05328443E+00
-8.50 -1.50 1.66657723E+00
-8.00 -1.50 1.45604565E+00
-7.50 -1.50 1.10043761E+00
-7.00 -1.50 7.86633402E-01
-6.50 -1.50 6.21785381E-01
-6.00 -1.50 5.67981544E-01
-5.50 -1.50 6.46695556E-01
-5.00 -1.50 6.27533628E-01
-4.50 -1.50 5.87494713E-01
-4.00 -1.50 7.90407198E-01
-3.50 -1.50 1.20058557E+00
-3.00 -1.50 1.31178704E+00
-2.50 -1.50 1.42192164E+00
-2.00 -1.50 1.54404472E+00
-1.50 -1.50 1.66872193E+00
-1.00 -1.50 1.68196308E+00
-0.50 -1.50 1.69057501E+00
+0.00 -1.50 1.54099707E+00
+0.50 -1.50 1.39329203E+00
+1.00 -1.50 1.29925480E+00
+1.50 -1.50 9.89796696E-01
+2.00 -1.50 9.06918306E-01
+2.50 -1.50 6.23826552E-01
+3.00 -1.50 6.27263538E-01
+3.50 -1.50 6.28606048E-01
+4.00 -1.50 7.65852621E-01
+4.50 -1.50 5.26848931E-01
+5.00 -1.50 8.44370324E-01
+5.50 -1.50 1.18904109E+00
+6.00 -1.50 1.36917365E+00
+6.50 -1.50 1.79816730E+00
+7.00 -1.50 2.12898502E+00
+7.50 -1.50 2.37011611E+00
+8.00 -1.50 2.55514031E+00
+8.50 -1.50 3.07971322E+00
+9.00 -1.50 3.24391240E+00
+9.50 -1.50 3.64682559E+00
+10.00 -1.50 3.99206649E+00
+10.50 -1.50 4.63905849E+00
+11.00 -1.50 8.56970429E+00
+11.50 -1.50 8.56970429E+00
+12.00 -1.50 8.56970429E+00
+12.50 -1.50 8.56970429E+00
+13.00 -1.50 8.56970429E+00
-15.00 -1.25 8.56970429E+00
-14.50 -1.25 8.56970429E+00
-14.00 -1.25 8.56970429E+00
-13.50 -1.25 8.56970429E+00
-13.00 -1.25 8.56970429E+00
-12.50 -1.25 4.50943665E+00
-12.00 -1.25 3.94590238E+00
-11.50 -1.25 3.75621865E+00
-11.00 -1.25 3.39812263E+00
-10.50 -1.25 2.85969397E+00
-10.00 -1.25 2.66440346E+00
-9.50 -1.25 2.19186854E+00
-9.00 -1.25 1.97581706E+00
-8.50 -1.25 1.67589378E+00
-8.00 -1.25 1.40996845E+00
-7.50 -1.25 9.49048393E-01
-7.00 -1.25 8.38263020E-01
-6.50 -1.25 6.81786440E-01
-6.00 -1.25 6.47192291E-01
-5.50 -1.25 5.25180816E-01
-5.00 -1.25 7.94791150E-01
-4.50 -1.25 8.27748405E-01
-4.00 -1.25 1.10006914E+00
-3.50 -1.25 1.41285793E+00
-3.00 -1.25 1.54614315E+00
-2.50 -1.25 1.67068962E+00
-2.00 -1.25 2.02383628E+00
-1.50 -1.25 1.98778476E+00
-1.00 -1.25 1.90407820E+00
-0.50 -1.25 2.02145680E+00
+0.00 -1.25 1.91593790E+00
+0.50 -1.25 1.72161657E+00
+1.00 -1.25 1.51260706E+00
+1.50 -1.25 1.36848121E+00
+2.00 -1.25 1.06829381E+00
+2.50 -1.25 7.61577848E-01
+3.00 -1.25 5.46378916E-01
+3.50 -1.25 7.36116175E-01
+4.00 -1.25 5.67631814E-01
+4.50 -1.25 4.58290150E-01
+5.00 -1.25 5.97174324E-01
+5.50 -1.25 1.12790865E+00
+6.00 -1.25 1.20519767E+00
+6.50 -1.25 1.56443477E+00
+7.00 -1.25 1.97639551E+00
+7.50 -1.25 2.38499184E+00
+8.00 -1.25 2.56907631E+00
+8.50 -1.25 3.11595540E+00
+9.00 -1.25 3.26633313E+00
+9.50 -1.25 3.66900113E+00
+10.00 -1.25 3.96792875E+00
+10.50 -1.25 4.28226557E+00
+11.00 -1.25 4.89163848E+00
+11.50 -1.25 5.02631284E+00
+12.00 -1.25 8.56970429E+00
+12.50 -1.25 8.56970429E+00
+13.00 -1.25 8.56970429E+00
-15.00 -1.00 8.56970429E+00
-14.50 -1.00 8.56970429E+00
-14.00 -1.00 8.56970429E+00
-13.50 -1.00 8.56970429E+00
-13.00 -1.00 5.02631284E+00
-12.50 -1.00 4.47898159E+00
-12.00 -1.00 4.11332542E+00
-11.50 -1.00 3.60264136E+00
-11.00 -1.00 3.15608911E+00
-10.50 -1.00 2.94711875E+00
-10.00 -1.00 2.39484263E+00
-9.50 -1.00 2.12593707E+00
-9.00 -1.00 1.97324198E+00
-8.50 -1.00 1.61344898E+00
-8.00 -1.00 1.32675724E+00
-7.50 -1.00 1.07677790E+00
-7.00 -1.00 5.97290419E-01
-6.50 -1.00 5.11677122E-01
-6.00 -1.00 4.51736250E-01
-5.50 -1.00 7.81691327E-01
-5.00 -1.00 6.74426814E-01
-4.50 -1.00 8.13820132E-01
-4.00 -1.00 1.13105368E+00
-3.50 -1.00 1.40338689E+00
-3.00 -1.00 1.75767103E+00
-2.50 -1.00 1.85847564E+00
-2.00 -1.00 2.02416186E+00
-1.50 -1.00 2.07304061E+00
-1.00 -1.00 2.14784589E+00
-0.50 -1.00 2.08646525E+00
+0.00 -1.00 2.02356917E+00
+0.50 -1.00 1.85028489E+00
+1.00 -1.00 1.68563305E+00
+1.50 -1.00 1.40370571E+00
+2.00 -1.00 1.13175607E+00
+2.50 -1.00 8.65407802E-01
+3.00 -1.00 7.44992093E-01
+3.50 -1.00 4.53568403E-01
+4.00 -1.00 4.52481008E-01
+4.50 -1.00 5.56683050E-01
+5.00 -1.00 5.97936956E-01
+5.50 -1.00 9.75993874E-01
+6.00 -1.00 1.41096986E+00
+6.50 -1.00 1.69095446E+00
+7.00 -1.00 1.93466840E+00
+7.50 -1.00 2.29723268E+00
+8.00 -1.00 2.59636836E+00
+8.50 -1.00 2.76156537E+00
+9.00 -1.00 3.39571337E+00
+9.50 -1.00 3.73394991E+00
+10.00 -1.00 4.01085211E+00
+10.50 -1.00 4.70812972E+00
+11.00 -1.00 4.75342431E+00
+11.50 -1.00 8.56970429E+00
+12.00 -1.00 8.56970429E+00
+12.50 -1.00 8.56970429E+00
+13.00 -1.00 8.56970429E+00
-15.00 -0.75 8.56970429E+00
-14.50 -0.75 8.56970429E+00
-14.00 -0.75 8.56970429E+00
-13.50 -0.75 8.56970429E+00
-13.00 -0.75 4.89163848E+00
-12.50 -0.75 4.38685765E+00
-12.00 -0.75 3.86300656E+00
-11.50 -0.75 3.66586910E+00
-11.00 -0.75 3.33288649E+00
-10.50 -0.75 2.86607178E+00
-10.00 -0.75 2.50742322E+00
-9.50 -0.75 2.26711011E+00
-9.00 -0.75 1.81680485E+00
-8.50 -0.75 1.61189404E+00
-8.00 -0.75 1.41820987E+00
-7.50 -0.75 9.75963606E-01
-7.00 -0.75 8.39295514E-01
-6.50 -0.75 5.01062695E-01
-6.00 -0.75 5.66459437E-01
-5.50 -0.75 4.53285045E-01
-5.00 -0.75 7.62943654E-01
-4.50 -0.75 8.64620713E-01
-4.00 -0.75 1.08782471E+00
-3.50 -0.75 1.31056728E+00
-3.00 -0.75 1.62839102E+00
-2.50 -0.75 1.83757877E+00
-2.00 -0.75 1.90167619E+00
-1.50 -0.75 2.16636901E+00
-1.00 -0.75 2.18823485E+00
-0.50 -0.75 2.14736167E+00
+0.00 -0.75 1.98279798E+00
+0.50 -0.75 1.90123300E+00
+1.00 -0.75 1.62203432E+00
+1.50 -0.75 1.31459367E+00
+2.00 -0.75 1.09504825E+00
+2.50 -0.75 7.90784083E-01
+3.00 -0.75 5.34005108E-01
+3.50 -0.75 6.76868329E-01
+4.00 -0.75 7.40742640E-01
+4.50 -0.75 7.62865690E-01
+5.00 -0.75 7.12350112E-01
+5.50 -0.75 9.75244486E-01
+6.00 -0.75 1.33240238E+00
+6.50 -0.75 1.56124481E+00
+7.00 -0.75 1.76889739E+00
+7.50 -0.75 2.16710302E+00
+8.00 -0.75 2.65367700E+00
+8.50 -0.75 3.03254617E+00
+9.00 -0.75 3.31436963E+00
+9.50 -0.75 3.68300570E+00
+10.00 -0.75 3.98143658E+00
+10.50 -0.75 4.63905849E+00
+11.00 -0.75 4.89163848E+00
+11.50 -0.75 8.56970429E+00
+12.00 -0.75 8.56970429E+00
+12.50 -0.75 8.56970429E+00
+13.00 -0.75 8.56970429E+00
-15.00 -0.50 8.56970429E+00
-14.50 -0.50 8.56970429E+00
-14.00 -0.50 8.56970429E+00
-13.50 -0.50 8.56970429E+00
-13.00 -0.50 8.56970429E+00
-12.50 -0.50 4.46518392E+00
-12.00 -0.50 4.11630186E+00
-11.50 -0.50 3.76809212E+00
-11.00 -0.50 3.41237269E+00
-10.50 -0.50 2.88400702E+00
-10.00 -0.50 2.49888424E+00
-9.50 -0.50 2.39615682E+00
-9.00 -0.50 1.97609075E+00
-8.50 -0.50 1.56004182E+00
-8.00 -0.50 1.32244804E+00
-7.50 -0.50 1.02115185E+00
-7.00 -0.50 8.69788495E-01
-6.50 -0.50 4.65988126E-01
-6.00 -0.50 7.82185610E-01
-5.50 -0.50 4.42686512E-01
-5.00 -0.50 6.49136734E-01
-4.50 -0.50 6.99256095E-01
-4.00 -0.50 8.97199447E-01
-3.50 -0.50 1.15087418E+00
-3.00 -0.50 1.29919942E+00
-2.50 -0.50 1.64191800E+00
-2.00 -0.50 1.71872751E+00
-1.50 -0.50 1.90156154E+00
-1.00 -0.50 1.86132709E+00
-0.50 -0.50 1.81937984E+00
+0.00 -0.50 1.71961471E+00
+0.50 -0.50 1.54455061E+00
+1.00 -0.50 1.37244966E+00
+1.50 -0.50 1.10683910E+00
+2.00 -0.50 9.47071198E-01
+2.50 -0.50 7.94278187E-01
+3.00 -0.50 6.57188841E-01
+3.50 -0.50 5.67553042E-01
+4.00 -0.50 7.66073617E-01
+4.50 -0.50 5.20363852E-01
+5.00 -0.50 7.66361894E-01
+5.50 -0.50 1.12582406E+00
+6.00 -0.50 1.43611542E+00
+6.50 -0.50 1.73634982E+00
+7.00 -0.50 2.04574973E+00
+7.50 -0.50 2.33253622E+00
+8.00 -0.50 2.69653516E+00
+8.50 -0.50 2.96477945E+00
+9.00 -0.50 3.22802059E+00
+9.50 -0.50 3.87758148E+00
+10.00 -0.50 4.24356154E+00
+10.50 -0.50 4.41717341E+00
+11.00 -0.50 8.56970429E+00
+11.50 -0.50 8.56970429E+00
+12.00 -0.50 8.56970429E+00
+12.50 -0.50 8.56970429E+00
+13.00 -0.50 8.56970429E+00
-15.00 -0.25 8.56970429E+00
-14.50 -0.25 8.56970429E+00
-14.00 -0.25 8.56970429E+00
-13.50 -0.25 8.56970429E+00
-13.00 -0.25 8.56970429E+00
-12.50 -0.25 4.61138236E+00
-12.00 -0.25 4.21479967E+00
-11.50 -0.25 3.62496553E+00
-11.00 -0.25 3.60847684E+00
-10.50 -0.25 3.02473629E+00
-10.00 -0.25 2.61407269E+00
-9.50 -0.25 2.50264247E+00
-9.00 -0.25 2.28210740E+00
-8.50 -0.25 1.83258373E+00
-8.00 -0.25 1.44251906E+00
-7.50 -0.25 1.29547042E+00
-7.00 -0.25 9.74336474E-01
-6.50 -0.25 5.98586741E-01
-6.00 -0.25 7.82356655E-01
-5.50 -0.25 4.51828551E-01
-5.00 -0.25 7.66904160E-01
-4.50 -0.25 4.87925658E-01
-4.00 -0.25 7.69976218E-01
-3.50 -0.25 8.14635471E-01
-3.00 -0.25 1.10582794E+00
-2.50 -0.25 1.26566931E+00
-2.00 -0.25 1.37088278E+00
-1.50 -0.25 1.45520326E+00
-1.00 -0.25 1.48141695E+00
-0.50 -0.25 1.50330272E+00
+0.00 -0.25 1.36876898E+00
+0.50 -0.25 1.25878777E+00
+1.00 -0.25 1.01450572E+00
+1.50 -0.25 7.90414049E-01
+2.00 -0.25 7.15315683E-01
+2.50 -0.25 7.80579250E-01
+3.00 -0.25 5.57323386E-01
+3.50 -0.25 5.24006527E-01
+4.00 -0.25 4.58455119E-01
+4.50 -0.25 8.39869607E-01
+5.00 -0.25 9.37462898E-01
+5.50 -0.25 1.15695927E+00
+6.00 -0.25 1.65612010E+00
+6.50 -0.25 1.80434972E+00
+7.00 -0.25 2.17022243E+00
+7.50 -0.25 2.48830113E+00
+8.00 -0.25 2.72652554E+00
+8.50 -0.25 2.99907572E+00
+9.00 -0.25 3.50331831E+00
+9.50 -0.25 3.78211738E+00
+10.00 -0.25 4.40661206E+00
+10.50 -0.25 4.81123570E+00
+11.00 -0.25 5.02631284E+00
+11.50 -0.25 5.02631284E+00
+12.00 -0.25 8.56970429E+00
+12.50 -0.25 8.56970429E+00
+13.00 -0.25 8.56970429E+00
-15.00 +0.00 8.56970429E+00
-14.50 +0.00 8.56970429E+00
-14.00 +0.00 8.56970429E+00
-13.50 +0.00 8.56970429E+00
-13.00 +0.00 8.56970429E+00
-12.50 +0.00 5.02631284E+00
-12.00 +0.00 4.58684245E+00
-11.50 +0.00 3.87528495E+00
-11.00 +0.00 3.63498204E+00
-10.50 +0.00 3.35505223E+00
-10.00 +0.00 2.98330895E+00
-9.50 +0.00 2.49963877E+00
-9.00 +0.00 2.24633591E+00
-8.50 +0.00 2.12745255E+00
-8.00 +0.00 1.66633354E+00
-7.50 +0.00 1.51764665E+00
-7.00 +0.00 1.23152118E+00
-6.50 +0.00 9.31740792E-01
-6.00 +0.00 5.90171764E-01
-5.50 +0.00 6.20803379E-01
-5.00 +0.00 5.67494886E-01
-4.50 +0.00 7.83244581E-01
-4.00 +0.00 7.83357851E-01
-3.50 +0.00 8.04690159E-01
-3.00 +0.00 6.70024770E-01
-2.50 +0.00 8.72360944E-01
-2.00 +0.00 8.97116041E-01
-1.50 +0.00 9.75212224E-01
-1.00 +0.00 1.00568837E+00
-0.50 +0.00 1.00322461E+00
+0.00 +0.00 8.96927696E-01
+0.50 +0.00 7.42683205E-01
+1.00 +0.00 6.85553045E-01
+1.50 +0.00 6.47696142E-01
+2.00 +0.00 4.53027416E-01
+2.50 +0.00 6.76099459E-01
+3.00 +0.00 5.68323242E-01
+3.50 +0.00 7.66689749E-01
+4.00 +0.00 8.42425186E-01
+4.50 +0.00 9.30888971E-01
+5.00 +0.00 1.23091408E+00
+5.50 +0.00 1.51767639E+00
+6.00 +0.00 1.86276384E+00
+6.50 +0.00 2.02239075E+00
+7.00 +0.00 2.43489771E+00
+7.50 +0.00 2.60189586E+00
+8.00 +0.00 2.87658807E+00
+8.50 +0.00 3.39312539E+00
+9.00 +0.00 3.75549386E+00
+9.50 +0.00 4.00316757E+00
+10.00 +0.00 4.46518392E+00
+10.50 +0.00 5.02631284E+00
+11.00 +0.00 8.56970429E+00
+11.50 +0.00 8.56970429E+00
+12.00 +0.00 8.56970429E+00
+12.50 +0.00 8.56970429E+00
+13.00 +0.00 8.56970429E+00
-15.00 +0.25 8.56970429E+00
-14.50 +0.25 8.56970429E+00
-14.00 +0.25 8.56970429E+00
-13.50 +0.25 8.56970429E+00
-13.00 +0.25 8.56970429E+00
-12.50 +0.25 4.89163848E+00
-12.00 +0.25 8.56970429E+00
-11.50 +0.25 4.39652045E+00
-11.00 +0.25 4.06274020E+00
-10.50 +0.25 3.39471530E+00
-10.00 +0.25 3.17420023E+00
-9.50 +0.25 2.98127596E+00
-9.00 +0.25 2.39230330E+00
-8.50 +0.25 2.33081721E+00
-8.00 +0.25 2.08520165E+00
-7.50 +0.25 1.60095900E+00
-7.00 +0.25 1.36860430E+00
-6.50 +0.25 1.21382515E+00
-6.00 +0.25 9.75159799E-01
-5.50 +0.25 7.45407353E-01
-5.00 +0.25 7.98382596E-01
-4.50 +0.25 6.76374347E-01
-4.00 +0.25 6.77270255E-01
-3.50 +0.25 4.52801755E-01
-3.00 +0.25 4.54543764E-01
-2.50 +0.25 5.87485032E-01
-2.00 +0.25 7.44493454E-01
-1.50 +0.25 6.78498775E-01
-1.00 +0.25 5.46039915E-01
-0.50 +0.25 6.54206926E-01
+0.00 +0.25 7.29792548E-01
+0.50 +0.25 6.50924849E-01
+1.00 +0.25 4.34369696E-01
+1.50 +0.25 6.75945103E-01
+2.00 +0.25 4.42802631E-01
+2.50 +0.25 5.61307397E-01
+3.00 +0.25 6.84374839E-01
+3.50 +0.25 7.14511415E-01
+4.00 +0.25 9.75084191E-01
+4.50 +0.25 1.14725076E+00
+5.00 +0.25 1.46492090E+00
+5.50 +0.25 1.66752277E+00
+6.00 +0.25 1.93785431E+00
+6.50 +0.25 2.16644760E+00
+7.00 +0.25 2.43584620E+00
+7.50 +0.25 2.91944968E+00
+8.00 +0.25 3.04920219E+00
+8.50 +0.25 3.40588480E+00
+9.00 +0.25 4.02284229E+00
+9.50 +0.25 4.30764758E+00
+10.00 +0.25 4.63905849E+00
+10.50 +0.25 8.56970429E+00
+11.00 +0.25 5.02631284E+00
+11.50 +0.25 8.56970429E+00
+12.00 +0.25 8.56970429E+00
+12.50 +0.25 8.56970429E+00
+13.00 +0.25 8.56970429E+00
-15.00 +0.50 8.56970429E+00
-14.50 +0.50 8.56970429E+00
-14.00 +0.50 8.56970429E+00
-13.50 +0.50 8.56970429E+00
-13.00 +0.50 8.56970429E+00
-12.50 +0.50 5.02631284E+00
-12.00 +0.50 4.89163848E+00
-11.50 +0.50 4.61138236E+00
-11.00 +0.50 4.05330081E+00
-10.50 +0.50 3.73328304E+00
-10.00 +0.50 3.46613403E+00
-9.50 +0.50 3.21454815E+00
-9.00 +0.50 2.86277399E+00
-8.50 +0.50 2.52636400E+00
-8.00 +0.50 2.26387994E+00
-7.50 +0.50 1.99155413E+00
-7.00 +0.50 1.81215014E+00
-6.50 +0.50 1.65354990E+00
-6.00 +0.50 1.41047322E+00
-5.50 +0.50 1.22836761E+00
-5.00 +0.50 7.96240950E-01
-4.50 +0.50 5.98588990E-01
-4.00 +0.50 6.83600451E-01
-3.50 +0.50 5.57671094E-01
-3.00 +0.50 4.43114386E-01
-2.50 +0.50 4.51747354E-01
-2.00 +0.50 5.63312658E-01
-1.50 +0.50 5.62580608E-01
-1.00 +0.50 5.67411704E-01
-0.50 +0.50 6.47567845E-01
+0.00 +0.50 5.24267498E-01
+0.50 +0.50 5.62624655E-01
+1.00 +0.50 7.81147921E-01
+1.50 +0.50 6.66049440E-01
+2.00 +0.50 5.15588277E-01
+2.50 +0.50 7.98355016E-01
+3.00 +0.50 8.57333680E-01
+3.50 +0.50 1.14712128E+00
+4.00 +0.50 1.31526011E+00
+4.50 +0.50 1.51400331E+00
+5.00 +0.50 1.68847544E+00
+5.50 +0.50 1.90797073E+00
+6.00 +0.50 2.29644413E+00
+6.50 +0.50 2.60980065E+00
+7.00 +0.50 2.91556073E+00
+7.50 +0.50 3.05150138E+00
+8.00 +0.50 3.53582752E+00
+8.50 +0.50 3.87300867E+00
+9.00 +0.50 4.11630186E+00
+9.50 +0.50 4.56478773E+00
+10.00 +0.50 4.89163848E+00
+10.50 +0.50 8.56970429E+00
+11.00 +0.50 8.56970429E+00
+11.50 +0.50 8.56970429E+00
+12.00 +0.50 8.56970429E+00
+12.50 +0.50 8.56970429E+00
+13.00 +0.50 8.56970429E+00
-15.00 +0.75 8.56970429E+00
-14.50 +0.75 8.56970429E+00
-14.00 +0.75 8.56970429E+00
-13.50 +0.75 8.56970429E+00
-13.00 +0.75 8.56970429E+00
-12.50 +0.75 8.56970429E+00
-12.00 +0.75 5.02631284E+00
-11.50 +0.75 5.02631284E+00
-11.00 +0.75 4.31445102E+00
-10.50 +0.75 4.05562698E+00
-10.00 +0.75 3.85128429E+00
-9.50 +0.75 3.50360828E+00
-9.00 +0.75 3.10141217E+00
-8.50 +0.75 2.83423875E+00
-8.00 +0.75 2.50062321E+00
-7.50 +0.75 2.25873297E+00
-7.00 +0.75 2.11660365E+00
-6.50 +0.75 1.99926212E+00
-6.00 +0.75 1.69955054E+00
-5.50 +0.75 1.52898566E+00
-5.00 +0.75 1.20546848E+00
-4.50 +0.75 1.14773252E+00
-4.00 +0.75 9.03702826E-01
-3.50 +0.75 7.52470773E-01
-3.00 +0.75 8.04419921E-01
-2.50 +0.75 7.04734463E-01
-2.00 +0.75 5.83501125E-01
-1.50 +0.75 6.85593471E-01
-1.00 +0.75 5.30370609E-01
-0.50 +0.75 7.01750938E-01
+0.00 +0.75 5.90482075E-01
+0.50 +0.75 8.40565309E-01
+1.00 +0.75 8.68625504E-01
+1.50 +0.75 8.31338378E-01
+2.00 +0.75 9.04621389E-01
+2.50 +0.75 1.14794323E+00
+3.00 +0.75 1.31670508E+00
+3.50 +0.75 1.47594186E+00
+4.00 +0.75 1.69789808E+00
+4.50 +0.75 1.82085764E+00
+5.00 +0.75 2.06239127E+00
+5.50 +0.75 2.33628294E+00
+6.00 +0.75 2.49962452E+00
+6.50 +0.75 2.87592141E+00
+7.00 +0.75 3.05728742E+00
+7.50 +0.75 3.57405131E+00
+8.00 +0.75 3.90429617E+00
+8.50 +0.75 4.03978597E+00
+9.00 +0.75 4.56478773E+00
+9.50 +0.75 5.02631284E+00
+10.00 +0.75 8.56970429E+00
+10.50 +0.75 5.02631284E+00
+11.00 +0.75 8.56970429E+00
+11.50 +0.75 8.56970429E+00
+12.00 +0.75 8.56970429E+00
+12.50 +0.75 8.56970429E+00
+13.00 +0.75 8.56970429E+00
-15.00 +1.00 8.56970429E+00
-14.50 +1.00 8.56970429E+00
-14.00 +1.00 8.56970429E+00
-13.50 +1.00 8.56970429E+00
-13.00 +1.00 8.56970429E+00
-12.50 +1.00 8.56970429E+00
-12.00 +1.00 8.56970429E+00
-11.50 +1.00 4.89163848E+00
-11.00 +1.00 4.75342431E+00
-10.50 +1.00 4.56478773E+00
-10.00 +1.00 4.10747965E+00
-9.50 +1.00 3.99206649E+00
-9.00 +1.00 3.46689884E+00
-8.50 +1.00 3.35193106E+00
-8.00 +1.00 2.99200690E+00
-7.50 +1.00 2.60280325E+00
-7.00 +1.00 2.59489435E+00
-6.50 +1.00 2.19391529E+00
-6.00 +1.00 2.17118091E+00
-5.50 +1.00 1.76950582E+00
-5.00 +1.00 1.79241821E+00
-4.50 +1.00 1.61282745E+00
-4.00 +1.00 1.39390597E+00
-3.50 +1.00 1.41879257E+00
-3.00 +1.00 1.16602213E+00
-2.50 +1.00 1.14574543E+00
-2.00 +1.00 1.22832631E+00
-1.50 +1.00 9.84662253E-01
-1.00 +1.00 1.08744657E+00
-0.50 +1.00 1.22854219E+00
+0.00 +1.00 1.22816909E+00
+0.50 +1.00 1.14574301E+00
+1.00 +1.00 1.16670258E+00
+1.50 +1.00 1.34462304E+00
+2.00 +1.00 1.52796793E+00
+2.50 +1.00 1.56107736E+00
+3.00 +1.00 1.79674255E+00
+3.50 +1.00 1.79526179E+00
+4.00 +1.00 2.25565892E+00
+4.50 +1.00 2.29659297E+00
+5.00 +1.00 2.39280774E+00
+5.50 +1.00 2.66839322E+00
+6.00 +1.00 3.04284887E+00
+6.50 +1.00 3.18953882E+00
+7.00 +1.00 3.61272157E+00
+7.50 +1.00 3.84920873E+00
+8.00 +1.00 4.09073945E+00
+8.50 +1.00 4.49368851E+00
+9.00 +1.00 4.89163848E+00
+9.50 +1.00 8.56970429E+00
+10.00 +1.00 8.56970429E+00
+10.50 +1.00 8.56970429E+00
+11.00 +1.00 8.56970429E+00
+11.50 +1.00 8.56970429E+00
+12.00 +1.00 8.56970429E+00
+12.50 +1.00 8.56970429E+00
+13.00 +1.00 8.56970429E+00
-15.00 +1.25 8.56970429E+00
-14.50 +1.25 8.56970429E+00
-14.00 +1.25 8.56970429E+00
-13.50 +1.25 8.56970429E+00
-13.00 +1.25 8.56970429E+00
-12.50 +1.25 8.56970429E+00
-12.00 +1.25 8.56970429E+00
-11.50 +1.25 5.02631284E+00
-11.00 +1.25 4.89163848E+00
-10.50 +1.25 4.81123570E+00
-10.00 +1.25 4.70812972E+00
-9.50 +1.25 4.45218723E+00
-9.00 +1.25 3.92984680E+00
-8.50 +1.25 3.71964878E+00
-8.00 +1.25 3.51941475E+00
-7.50 +1.25 3.35435581E+00
-7.00 +1.25 3.11870132E+00
-6.50 +1.25 2.87098109E+00
-6.00 +1.25 2.55491084E+00
-5.50 +1.25 2.45020475E+00
-5.00 +1.25 2.33255525E+00
-4.50 +1.25 2.03701539E+00
-4.00 +1.25 2.01793530E+00
-3.50 +1.25 1.85134108E+00
-3.00 +1.25 1.79414831E+00
-2.50 +1.25 1.70204731E+00
-2.00 +1.25 1.68842070E+00
-1.50 +1.25 1.55962088E+00
-1.00 +1.25 1.69263481E+00
-0.50 +1.25 1.67463687E+00
+0.00 +1.25 1.61812343E+00
+0.50 +1.25 1.66278740E+00
+1.00 +1.25 1.71707757E+00
+1.50 +1.25 1.84846571E+00
+2.00 +1.25 1.94178197E+00
+2.50 +1.25 2.03394640E+00
+3.00 +1.25 2.11132368E+00
+3.50 +1.25 2.45059581E+00
+4.00 +1.25 2.64685159E+00
+4.50 +1.25 2.74595521E+00
+5.00 +1.25 2.91936080E+00
+5.50 +1.25 3.11251593E+00
+6.00 +1.25 3.49871842E+00
+6.50 +1.25 3.73195427E+00
+7.00 +1.25 3.89797607E+00
+7.50 +1.25 4.42825170E+00
+8.00 +1.25 4.61138236E+00
+8.50 +1.25 8.56970429E+00
+9.00 +1.25 8.56970429E+00
+9.50 +1.25 5.02631284E+00
+10.00 +1.25 8.56970429E+00
+10.50 +1.25 8.56970429E+00
+11.00 +1.25 8.56970429E+00
+11.50 +1.25 8.56970429E+00
+12.00 +1.25 8.56970429E+00
+12.50 +1.25 8.56970429E+00
+13.00 +1.25 8.56970429E+00
-15.00 +1.50 8.56970429E+00
-14.50 +1.50 8.56970429E+00
-14.00 +1.50 8.56970429E+00
-13.50 +1.50 8.56970429E+00
-13.00 +1.50 8.56970429E+00
-12.50 +1.50 8.56970429E+00
-12.00 +1.50 8.56970429E+00
-11.50 +1.50 8.56970429E+00
-11.00 +1.50 8.56970429E+00
-10.50 +1.50 8.56970429E+00
-10.00 +1.50 8.56970429E+00
-9.50 +1.50 4.67081982E+00
-9.00 +1.50 4.40661206E+00
-8.50 +1.50 4.09896599E+00
-8.00 +1.50 3.84920873E+00
-7.50 +1.50 3.74002767E+00
-7.00 +1.50 3.49139794E+00
-6.50 +1.50 3.40279625E+00
-6.00 +1.50 3.18311447E+00
-5.50 +1.50 2.77327618E+00
-5.00 +1.50 2.70446246E+00
-4.50 +1.50 2.52358492E+00
-4.00 +1.50 2.40609661E+00
-3.50 +1.50 2.38376589E+00
-3.00 +1.50 2.41607104E+00
-2.50 +1.50 2.30333503E+00
-2.00 +1.50 2.09101745E+00
-1.50 +1.50 2.11226764E+00
-1.00 +1.50 2.21727215E+00
-0.50 +1.50 2.28002004E+00
+0.00 +1.50 2.30424312E+00
+0.50 +1.50 2.33191810E+00
+1.00 +1.50 2.29488876E+00
+1.50 +1.50 2.37279624E+00
+2.00 +1.50 2.36324887E+00
+2.50 +1.50 2.43623596E+00
+3.00 +1.50 2.82277481E+00
+3.50 +1.50 2.92297891E+00
+4.00 +1.50 3.09660579E+00
+4.50 +1.50 3.35803033E+00
+5.00 +1.50 3.40629908E+00
+5.50 +1.50 3.62362741E+00
+6.00 +1.50 8.56970429E+00
+6.50 +1.50 4.09345096E+00
+7.00 +1.50 8.56970429E+00
+7.50 +1.50 4.89163848E+00
+8.00 +1.50 4.89163848E+00
+8.50 +1.50 8.56970429E+00
+9.00 +1.50 5.02631284E+00
+9.50 +1.50 8.56970429E+00
+10.00 +1.50 8.56970429E+00
+10.50 +1.50 8.56970429E+00
+11.00 +1.50 8.56970429E+00
+11.50 +1.50 8.56970429E+00
+12.00 +1.50 8.56970429E+00
+12.50 +1.50 8.56970429E+00
+13.00 +1.50 8.56970429E+00
-15.00 +1.75 8.56970429E+00
-14.50 +1.75 8.56970429E+00
-14.00 +1.75 8.56970429E+00
-13.50 +1.75 8.56970429E+00
-13.00 +1.75 8.56970429E+00
-12.50 +1.75 8.56970429E+00
-12.00 +1.75 8.56970429E+00
-11.50 +1.75 8.56970429E+00
-11.00 +1.75 8.56970429E+00
-10.50 +1.75 8.56970429E+00
-10.00 +1.75 5.02631284E+00
-9.50 +1.75 4.89163848E+00
-9.00 +1.75 8.56970429E+00
-8.50 +1.75 4.63905849E+00
-8.00 +1.75 4.33615002E+00
-7.50 +1.75 4.27054028E+00
-7.00 +1.75 3.90816444E+00
-6.50 +1.75 3.70070654E+00
-6.00 +1.75 3.71215755E+00
-5.50 +1.75 3.26920535E+00
-5.00 +1.75 3.32238954E+00
-4.50 +1.75 3.25285943E+00
-4.00 +1.75 2.99233751E+00
-3.50 +1.75 2.90937688E+00
-3.00 +1.75 2.98470708E+00
-2.50 +1.75 2.65160584E+00
-2.00 +1.75 2.87883271E+00
-1.50 +1.75 2.58785723E+00
-1.00 +1.75 2.59784804E+00
-0.50 +1.75 2.76275939E+00
+0.00 +1.75 2.66940838E+00
+0.50 +1.75 2.72619054E+00
+1.00 +1.75 2.98063651E+00
+1.50 +1.75 2.85196415E+00
+2.00 +1.75 2.86867124E+00
+2.50 +1.75 3.05394963E+00
+3.00 +1.75 3.13938994E+00
+3.50 +1.75 3.33893579E+00
+4.00 +1.75 3.73663411E+00
+4.50 +1.75 3.70848866E+00
+5.00 +1.75 3.87989865E+00
+5.50 +1.75 4.05330081E+00
+6.00 +1.75 4.61138236E+00
+6.50 +1.75 4.89163848E+00
+7.00 +1.75 4.89163848E+00
+7.50 +1.75 8.56970429E+00
+8.00 +1.75 8.56970429E+00
+8.50 +1.75 8.56970429E+00
+9.00 +1.75 8.56970429E+00
+9.50 +1.75 8.56970429E+00
+10.00 +1.75 8.56970429E+00
+10.50 +1.75 8.56970429E+00
+11.00 +1.75 8.56970429E+00
+11.50 +1.75 8.56970429E+00
+12.00 +1.75 8.56970429E+00
+12.50 +1.75 8.56970429E+00
+13.00 +1.75 8.56970429E+00
-15.00 +2.00 8.56970429E+00
-14.50 +2.00 8.56970429E+00
-14.00 +2.00 8.56970429E+00
-13.50 +2.00 8.56970429E+00
-13.00 +2.00 8.56970429E+00
-12.50 +2.00 8.56970429E+00
-12.00 +2.00 8.56970429E+00
-11.50 +2.00 8.56970429E+00
-11.00 +2.00 8.56970429E+00
-10.50 +2.00 8.56970429E+00
-10.00 +2.00 8.56970429E+00
-9.50 +2.00 8.56970429E+00
-9.00 +2.00 8.56970429E+00
-8.50 +2.00 8.56970429E+00
-8.00 +2.00 8.56970429E+00
-7.50 +2.00 4.81123570E+00
-7.00 +2.00 4.70812972E+00
-6.50 +2.00 8.56970429E+00
-6.00 +2.00 4.08805768E+00
-5.50 +2.00 4.19739733E+00
-5.00 +2.00 4.02284229E+00
-4.50 +2.00 3.86409899E+00
-4.00 +2.00 3.63038388E+00
-3.50 +2.00 3.63498204E+00
-3.00 +2.00 3.56742974E+00
-2.50 +2.00 3.24804718E+00
-2.00 +2.00 3.44716618E+00
-1.50 +2.00 3.50711108E+00
-1.00 +2.00 3.35627490E+00
-0.50 +2.00 3.20652207E+00
+0.00 +2.00 3.34713988E+00
+0.50 +2.00 3.25673902E+00
+1.00 +2.00 3.47179031E+00
+1.50 +2.00 3.49307074E+00
+2.00 +2.00 3.60889840E+00
+2.50 +2.00 3.76283209E+00
+3.00 +2.00 3.94142193E+00
+3.50 +2.00 4.06034623E+00
+4.00 +2.00 4.24871525E+00
+4.50 +2.00 4.22874358E+00
+5.00 +2.00 8.56970429E+00
+5.50 +2.00 8.56970429E+00
+6.00 +2.00 8.56970429E+00
+6.50 +2.00 8.56970429E+00
+7.00 +2.00 8.56970429E+00
+7.50 +2.00 8.56970429E+00
+8.00 +2.00 8.56970429E+00
+8.50 +2.00 8.56970429E+00
+9.00 +2.00 8.56970429E+00
+9.50 +2.00 8.56970429E+00
+10.00 +2.00 8.56970429E+00
+10.50 +2.00 8.56970429E+00
+11.00 +2.00 8.56970429E+00
+11.50 +2.00 8.56970429E+00
+12.00 +2.00 8.56970429E+00
+12.50 +2.00 8.56970429E+00
+13.00 +2.00 8.56970429E+00
-15.00 +2.25 8.56970429E+00
-14.50 +2.25 8.56970429E+00
-14.00 +2.25 8.56970429E+00
-13.50 +2.25 8.56970429E+00
-13.00 +2.25 8.56970429E+00
-12.50 +2.25 8.56970429E+00
-12.00 +2.25 8.56970429E+00
-11.50 +2.25 8.56970429E+00
-11.00 +2.25 8.56970429E+00
-10.50 +2.25 8.56970429E+00
-10.00 +2.25 8.56970429E+00
-9.50 +2.25 8.56970429E+00
-9.00 +2.25 8.56970429E+00
-8.50 +2.25 8.56970429E+00
-8.00 +2.25 8.56970429E+00
-7.50 +2.25 5.02631284E+00
-7.00 +2.25 8.56970429E+00
-6.50 +2.25 8.56970429E+00
-6.00 +2.25 4.89163848E+00
-5.50 +2.25 4.75342431E+00
-5.00 +2.25 4.56478773E+00
-4.50 +2.25 4.47898159E+00
-4.00 +2.25 4.23358030E+00
-3.50 +2.25 4.30764758E+00
-3.00 +2.25 4.13497065E+00
-2.50 +2.25 3.96143713E+00
-2.00 +2.25 3.89425744E+00
-1.50 +2.25 3.90816444E+00
-1.00 +2.25 3.88106509E+00
-0.50 +2.25 4.12236646E+00
+0.00 +2.25 4.10460859E+00
+0.50 +2.25 4.08278076E+00
+1.00 +2.25 3.91474447E+00
+1.50 +2.25 3.96792875E+00
+2.00 +2.25 4.33615002E+00
+2.50 +2.25 4.49368851E+00
+3.00 +2.25 4.61138236E+00
+3.50 +2.25 8.56970429E+00
+4.00 +2.25 5.02631284E+00
+4.50 +2.25 8.56970429E+00
+5.00 +2.25 5.02631284E+00
+5.50 +2.25 5.02631284E+00
+6.00 +2.25 8.56970429E+00
+6.50 +2.25 8.56970429E+00
+7.00 +2.25 8.56970429E+00
+7.50 +2.25 8.56970429E+00
+8.00 +2.25 8.56970429E+00
+8.50 +2.25 8.56970429E+00
+9.00 +2.25 8.56970429E+00
+9.50 +2.25 8.56970429E+00
+10.00 +2.25 8.56970429E+00
+10.50 +2.25 8.56970429E+00
+11.00 +2.25 8.56970429E+00
+11.50 +2.25 8.56970429E+00
+12.00 +2.25 8.56970429E+00
+12.50 +2.25 8.56970429E+00
+13.00 +2.25 8.56970429E+00
-15.00 +2.50 8.56970429E+00
-14.50 +2.50 8.56970429E+00
-14.00 +2.50 8.56970429E+00
-13.50 +2.50 8.56970429E+00
-13.00 +2.50 8.56970429E+00
-12.50 +2.50 8.56970429E+00
-12.00 +2.50 8.56970429E+00
-11.50 +2.50 8.56970429E+00
-11.00 +2.50 8.56970429E+00
-10.50 +2.50 8.56970429E+00
-10.00 +2.50 8.56970429E+00
-9.50 +2.50 8.56970429E+00
-9.00 +2.50 8.56970429E+00
-8.50 +2.50 8.56970429E+00
-8.00 +2.50 8.56970429E+00
-7.50 +2.50 8.56970429E+00
-7.00 +2.50 8.56970429E+00
-6.50 +2.50 8.56970429E+00
-6.00 +2.50 8.56970429E+00
-5.50 +2.50 8.56970429E+00
-5.00 +2.50 8.56970429E+00
-4.50 +2.50 5.02631284E+00
-4.00 +2.50 4.89163848E+00
-3.50 +2.50 4.89163848E+00
-3.00 +2.50 5.02631284E+00
-2.50 +2.50 5.02631284E+00
-2.00 +2.50 4.58684245E+00
-1.50 +2.50 4.89163848E+00
-1.00 +2.50 4.75342431E+00
-0.50 +2.50 4.75342431E+00
+0.00 +2.50 4.75342431E+00
+0.50 +2.50 4.58684245E+00
+1.00 +2.50 4.89163848E+00
+1.50 +2.50 8.56970429E+00
+2.00 +2.50 8.56970429E+00
+2.50 +2.50 4.89163848E+00
+3.00 +2.50 8.56970429E+00
+3.50 +2.50 4.89163848E+00
+4.00 +2.50 5.02631284E+00
+4.50 +2.50 8.56970429E+00
+5.00 +2.50 8.56970429E+00
+5.50 +2.50 8.56970429E+00
+6.00 +2.50 8.56970429E+00
+6.50 +2.50 8.56970429E+00
+7.00 +2.50 8.56970429E+00
+7.50 +2.50 8.56970429E+00
+8.00 +2.50 8.56970429E+00
+8.50 +2.50 8.56970429E+00
+9.00 +2.50 8.56970429E+00
+9.50 +2.50 8.56970429E+00
+10.00 +2.50 8.56970429E+00
+10.50 +2.50 8.56970429E+00
+11.00 +2.50 8.56970429E+00
+11.50 +2.50 8.56970429E+00
+12.00 +2.50 8.56970429E+00
+12.50 +2.50 8.56970429E+00
+13.00 +2.50 8.56970429E+00
-15.00 +2.75 8.56970429E+00
-14.50 +2.75 8.56970429E+00
-14.00 +2.75 8.56970429E+00
-13.50 +2.75 8.56970429E+00
-13.00 +2.75 8.56970429E+00
-12.50 +2.75 8.56970429E+00
-12.00 +2.75 8.56970429E+00
-11.50 +2.75 8.56970429E+00
-11.00 +2.75 8.56970429E+00
-10.50 +2.75 8.56970429E+00
-10.00 +2.75 8.56970429E+00
-9.50 +2.75 8.56970429E+00
-9.00 +2.75 8.56970429E+00
-8.50 +2.75 8.56970429E+00
-8.00 +2.75 8.56970429E+00
-7.50 +2.75 8.56970429E+00
-7.00 +2.75 8.56970429E+00
-6.50 +2.75 8.56970429E+00
-6.00 +2.75 8.56970429E+00
-5.50 +2.75 8.56970429E+00
-5.00 +2.75 8.56970429E+00
-4.50 +2.75 8.56970429E+00
-4.00 +2.75 8.56970429E+00
-3.50 +2.75 8.56970429E+00
-3.00 +2.75 8.56970429E+00
-2.50 +2.75 8.56970429E+00
-2.00 +2.75 8.56970429E+00
-1.50 +2.75 8.56970429E+00
-1.00 +2.75 8.56970429E+00
-0.50 +2.75 8.56970429E+00
+0.00 +2.75 8.56970429E+00
+0.50 +2.75 5.02631284E+00
+1.00 +2.75 8.56970429E+00
+1.50 +2.75 8.56970429E+00
+2.00 +2.75 8.56970429E+00
+2.50 +2.75 8.56970429E+00
+3.00 +2.75 8.56970429E+00
+3.50 +2.75 8.56970429E+00
+4.00 +2.75 8.56970429E+00
+4.50 +2.75 8.56970429E+00
+5.00 +2.75 8.56970429E+00
+5.50 +2.75 8.56970429E+00
+6.00 +2.75 8.56970429E+00
+6.50 +2.75 8.56970429E+00
+7.00 +2.75 8.56970429E+00
+7.50 +2.75 8.56970429E+00
+8.00 +2.75 8.56970429E+00
+8.50 +2.75 8.56970429E+00
+9.00 +2.75 8.56970429E+00
+9.50 +2.75 8.56970429E+00
+10.00 +2.75 8.56970429E+00
+10.50 +2.75 8.56970429E+00
+11.00 +2.75 8.56970429E+00
+11.50 +2.75 8.56970429E+00
+12.00 +2.75 8.56970429E+00
+12.50 +2.75 8.56970429E+00
+13.00 +2.75 8.56970429E+00
-15.00 +3.00 8.56970429E+00
-14.50 +3.00 8.56970429E+00
-14.00 +3.00 8.56970429E+00
-13.50 +3.00 8.56970429E+00
-13.00 +3.00 8.56970429E+00
-12.50 +3.00 8.56970429E+00
-12.00 +3.00 8.56970429E+00
-11.50 +3.00 8.56970429E+00
-11.00 +3.00 8.56970429E+00
-10.50 +3.00 8.56970429E+00
-10.00 +3.00 8.56970429E+00
-9.50 +3.00 8.56970429E+00
-9.00 +3.00 8.56970429E+00
-8.50 +3.00 8.56970429E+00
-8.00 +3.00 8.56970429E+00
-7.50 +3.00 8.56970429E+00
-7.00 +3.00 8.56970429E+00
-6.50 +3.00 8.56970429E+00
-6.00 +3.00 8.56970429E+00
-5.50 +3.00 8.56970429E+00
-5.00 +3.00 8.56970429E+00
-4.50 +3.00 8.56970429E+00
-4.00 +3.00 8.56970429E+00
-3.50 +3.00 8.56970429E+00
-3.00 +3.00 8.56970429E+00
-2.50 +3.00 8.56970429E+00
-2.00 +3.00 8.56970429E+00
-1.50 +3.00 8.56970429E+00
-1.00 +3.00 8.56970429E+00
-0.50 +3.00 8.56970429E+00
+0.00 +3.00 8.56970429E+00
+0.50 +3.00 8.56970429E+00
+1.00 +3.00 8.56970429E+00
+1.50 +3.00 8.56970429E+00
+2.00 +3.00 8.56970429E+00
+2.50 +3.00 8.56970429E+00
+3.00 +3.00 8.56970429E+00
+3.50 +3.00 8.56970429E+00
+4.00 +3.00 8.56970429E+00
+4.50 +3.00 8.56970429E+00
+5.00 +3.00 8.56970429E+00
+5.50 +3.00 8.56970429E+00
+6.00 +3.00 8.56970429E+00
+6.50 +3.00 8.56970429E+00
+7.00 +3.00 8.56970429E+00
+7.50 +3.00 8.56970429E+00
+8.00 +3.00 8.56970429E+00
+8.50 +3.00 8.56970429E+00
+9.00 +3.00 8.56970429E+00
+9.50 +3.00 8.56970429E+00
+10.00 +3.00 8.56970429E+00
+10.50 +3.00 8.56970429E+00
+11.00 +3.00 8.56970429E+00
+11.50 +3.00 8.56970429E+00
+12.00 +3.00 8.56970429E+00
+12.50 +3.00 8.56970429E+00
+13.00 +3.00 8.56970429E+00
-15.00 +3.25 8.56970429E+00
-14.50 +3.25 8.56970429E+00
-14.00 +3.25 8.56970429E+00
-13.50 +3.25 8.56970429E+00
-13.00 +3.25 8.56970429E+00
-12.50 +3.25 8.56970429E+00
-12.00 +3.25 8.56970429E+00
-11.50 +3.25 8.56970429E+00
-11.00 +3.25 8.56970429E+00
-10.50 +3.25 8.56970429E+00
-10.00 +3.25 8.56970429E+00
-9.50 +3.25 8.56970429E+00
-9.00 +3.25 8.56970429E+00
-8.50 +3.25 8.56970429E+00
-8.00 +3.25 8.56970429E+00
-7.50 +3.25 8.56970429E+00
-7.00 +3.25 8.56970429E+00
-6.50 +3.25 8.56970429E+00
-6.00 +3.25 8.56970429E+00
-5.50 +3.25 8.56970429E+00
-5.00 +3.25 8.56970429E+00
-4.50 +3.25 8.56970429E+00
-4.00 +3.25 8.56970429E+00
-3.50 +3.25 8.56970429E+00
-3.00 +3.25 8.56970429E+00
-2.50 +3.25 8.56970429E+00
-2.00 +3.25 8.56970429E+00
-1.50 +3.25 8.56970429E+00
-1.00 +3.25 8.56970429E+00
-0.50 +3.25 8.56970429E+00
+0.00 +3.25 8.56970429E+00
+0.50 +3.25 8.56970429E+00
+1.00 +3.25 8.56970429E+00
+1.50 +3.25 8.56970429E+00
+2.00 +3.25 8.56970429E+00
+2.50 +3.25 8.56970429E+00
+3.00 +3.25 8.56970429E+00
+3.50 +3.25 8.56970429E+00
+4.00 +3.25 8.56970429E+00
+4.50 +3.25 8.56970429E+00
+5.00 +3.25 8.56970429E+00
+5.50 +3.25 8.56970429E+00
+6.00 +3.25 8.56970429E+00
+6.50 +3.25 8.56970429E+00
+7.00 +3.25 8.56970429E+00
+7.50 +3.25 8.56970429E+00
+8.00 +3.25 8.56970429E+00
+8.50 +3.25 8.56970429E+00
+9.00 +3.25 8.56970429E+00
+9.50 +3.25 8.56970429E+00
+10.00 +3.25 8.56970429E+00
+10.50 +3.25 8.56970429E+00
+11.00 +3.25 8.56970429E+00
+11.50 +3.25 8.56970429E+00
+12.00 +3.25 8.56970429E+00
+12.50 +3.25 8.56970429E+00
+13.00 +3.25 8.56970429E+00
-15.00 +3.50 8.56970429E+00
-14.50 +3.50 8.56970429E+00
-14.00 +3.50 8.56970429E+00
-13.50 +3.50 8.56970429E+00
-13.00 +3.50 8.56970429E+00
-12.50 +3.50 8.56970429E+00
-12.00 +3.50 8.56970429E+00
-11.50 +3.50 8.56970429E+00
-11.00 +3.50 8.56970429E+00
-10.50 +3.50 8.56970429E+00
-10.00 +3.50 8.56970429E+00
-9.50 +3.50 8.56970429E+00
-9.00 +3.50 8.56970429E+00
-8.50 +3.50 8.56970429E+00
-8.00 +3.50 8.56970429E+00
-7.50 +3.50 8.56970429E+00
-7.00 +3.50 8.56970429E+00
-6.50 +3.50 8.56970429E+00
-6.00 +3.50 8.56970429E+00
-5.50 +3.50 8.56970429E+00
-5.00 +3.50 8.56970429E+00
-4.50 +3.50 8.56970429E+00
-4.00 +3.50 8.56970429E+00
-3.50 +3.50 8.56970429E+00
-3.00 +3.50 8.56970429E+00
-2.50 +3.50 8.56970429E+00
-2.00 +3.50 8.56970429E+00
-1.50 +3.50 8.56970429E+00
-1.00 +3.50 8.56970429E+00
-0.50 +3.50 8.56970429E+00
+0.00 +3.50 8.56970429E+00
+0.50 +3.50 8.56970429E+00
+1.00 +3.50 8.56970429E+00
+1.50 +3.50 8.56970429E+00
+2.00 +3.50 8.56970429E+00
+2.50 +3.50 8.56970429E+00
+3.00 +3.50 8.56970429E+00
+3.50 +3.50 8.56970429E+00
+4.00 +3.50 8.56970429E+00
+4.50 +3.50 8.56970429E+00
+5.00 +3.50 8.56970429E+00
+5.50 +3.50 8.56970429E+00
+6.00 +3.50 8.56970429E+00
+6.50 +3.50 8.56970429E+00
+7.00 +3.50 8.56970429E+00
+7.50 +3.50 8.56970429E+00
+8.00 +3.50 8.56970429E+00
+8.50 +3.50 8.56970429E+00
+9.00 +3.50 8.56970429E+00
+9.50 +3.50 8.56970429E+00
+10.00 +3.50 8.56970429E+00
+10.50 +3.50 8.56970429E+00
+11.00 +3.50 8.56970429E+00
+11.50 +3.50 8.56970429E+00
+12.00 +3.50 8.56970429E+00
+12.50 +3.50 8.56970429E+00
+13.00 +3.50 8.56970429E+00
-15.00 +3.75 8.56970429E+00
-14.50 +3.75 8.56970429E+00
-14.00 +3.75 8.56970429E+00
-13.50 +3.75 8.56970429E+00
-13.00 +3.75 8.56970429E+00
-12.50 +3.75 8.56970429E+00
-12.00 +3.75 8.56970429E+00
-11.50 +3.75 8.56970429E+00
-11.00 +3.75 8.56970429E+00
-10.50 +3.75 8.56970429E+00
-10.00 +3.75 8.56970429E+00
-9.50 +3.75 8.56970429E+00
-9.00 +3.75 8.56970429E+00
-8.50 +3.75 8.56970429E+00
-8.00 +3.75 8.56970429E+00
-7.50 +3.75 8.56970429E+00
-7.00 +3.75 8.56970429E+00
-6.50 +3.75 8.56970429E+00
-6.00 +3.75 8.56970429E+00
-5.50 +3.75 8.56970429E+00
-5.00 +3.75 8.56970429E+00
-4.50 +3.75 8.56970429E+00
-4.00 +3.75 8.56970429E+00
-3.50 +3.75 8.56970429E+00
-3.00 +3.75 8.56970429E+00
-2.50 +3.75 8.56970429E+00
-2.00 +3.75 8.56970429E+00
-1.50 +3.75 8.56970429E+00
-1.00 +3.75 8.56970429E+00
-0.50 +3.75 8.56970429E+00
+0.00 +3.75 8.56970429E+00
+0.50 +3.75 8.56970429E+00
+1.00 +3.75 8.56970429E+00
+1.50 +3.75 8.56970429E+00
+2.00 +3.75 8.56970429E+00
+2.50 +3.75 8.56970429E+00
+3.00 +3.75 8.56970429E+00
+3.50 +3.75 8.56970429E+00
+4.00 +3.75 8.56970429E+00
+4.50 +3.75 8.56970429E+00
+5.00 +3.75 8.56970429E+00
+5.50 +3.75 8.56970429E+00
+6.00 +3.75 8.56970429E+00
+6.50 +3.75 8.56970429E+00
+7.00 +3.75 8.56970429E+00
+7.50 +3.75 8.56970429E+00
+8.00 +3.75 8.56970429E+00
+8.50 +3.75 8.56970429E+00
+9.00 +3.75 8.56970429E+00
+9.50 +3.75 8.56970429E+00
+10.00 +3.75 8.56970429E+00
+10.50 +3.75 8.56970429E+00
+11.00 +3.75 8.56970429E+00
+11.50 +3.75 8.56970429E+00
+12.00 +3.75 8.56970429E+00
+12.50 +3.75 8.56970429E+00
+13.00 +3.75 8.56970429E+00
-15.00 +4.00 8.56970429E+00
-14.50 +4.00 8.56970429E+00
-14.00 +4.00 8.56970429E+00
-13.50 +4.00 8.56970429E+00
-13.00 +4.00 8.56970429E+00
-12.50 +4.00 8.56970429E+00
-12.00 +4.00 8.56970429E+00
-11.50 +4.00 8.56970429E+00
-11.00 +4.00 8.56970429E+00
-10.50 +4.00 8.56970429E+00
-10.00 +4.00 8.56970429E+00
-9.50 +4.00 8.56970429E+00
-9.00 +4.00 8.56970429E+00
-8.50 +4.00 8.56970429E+00
-8.00 +4.00 8.56970429E+00
-7.50 +4.00 8.56970429E+00
-7.00 +4.00 8.56970429E+00
-6.50 +4.00 8.56970429E+00
-6.00 +4.00 8.56970429E+00
-5.50 +4.00 8.56970429E+00
-5.00 +4.00 8.56970429E+00
-4.50 +4.00 8.56970429E+00
-4.00 +4.00 8.56970429E+00
-3.50 +4.00 8.56970429E+00
-3.00 +4.00 8.56970429E+00
-2.50 +4.00 8.56970429E+00
-2.00 +4.00 8.56970429E+00
-1.50 +4.00 8.56970429E+00
-1.00 +4.00 8.56970429E+00
-0.50 +4.00 8.56970429E+00
+0.00 +4.00 8.56970429E+00
+0.50 +4.00 8.56970429E+00
+1.00 +4.00 8.56970429E+00
+1.50 +4.00 8.56970429E+00
+2.00 +4.00 8.56970429E+00
+2.50 +4.00 8.56970429E+00
+3.00 +4.00 8.56970429E+00
+3.50 +4.00 8.56970429E+00
+4.00 +4.00 8.56970429E+00
+4.50 +4.00 8.56970429E+00
+5.00 +4.00 8.56970429E+00
+5.50 +4.00 8.56970429E+00
+6.00 +4.00 8.56970429E+00
+6.50 +4.00 8.56970429E+00
+7.00 +4.00 8.56970429E+00
+7.50 +4.00 8.56970429E+00
+8.00 +4.00 8.56970429E+00
+8.50 +4.00 8.56970429E+00
+9.00 +4.00 8.56970429E+00
+9.50 +4.00 8.56970429E+00
+10.00 +4.00 8.56970429E+00
+10.50 +4.00 8.56970429E+00
+11.00 +4.00 8.56970429E+00
+11.50 +4.00 8.56970429E+00
+12.00 +4.00 8.56970429E+00
+12.50 +4.00 8.56970429E+00
+13.00 +4.00 8.56970429E+00
-15.00 +4.25 8.56970429E+00
-14.50 +4.25 8.56970429E+00
-14.00 +4.25 8.56970429E+00
-13.50 +4.25 8.56970429E+00
-13.00 +4.25 8.56970429E+00
-12.50 +4.25 8.56970429E+00
-12.00 +4.25 8.56970429E+00
-11.50 +4.25 8.56970429E+00
-11.00 +4.25 8.56970429E+00
-10.50 +4.25 8.56970429E+00
-10.00 +4.25 8.56970429E+00
-9.50 +4.25 8.56970429E+00
-9.00 +4.25 8.56970429E+00
-8.50 +4.25 8.56970429E+00
-8.00 +4.25 8.56970429E+00
-7.50 +4.25 8.56970429E+00
-7.00 +4.25 8.56970429E+00
-6.50 +4.25 8.56970429E+00
-6.00 +4.25 8.56970429E+00
-5.50 +4.25 8.56970429E+00
-5.00 +4.25 8.56970429E+00
-4.50 +4.25 8.56970429E+00
-4.00 +4.25 8.56970429E+00
-3.50 +4.25 8.56970429E+00
-3.00 +4.25 8.56970429E+00
-2.50 +4.25 8.56970429E+00
-2.00 +4.25 8.56970429E+00
-1.50 +4.25 8.56970429E+00
-1.00 +4.25 8.56970429E+00
-0.50 +4.25 8.56970429E+00
+0.00 +4.25 8.56970429E+00
+0.50 +4.25 8.56970429E+00
+1.00 +4.25 8.56970429E+00
+1.50 +4.25 8.56970429E+00
+2.00 +4.25 8.56970429E+00
+2.50 +4.25 8.56970429E+00
+3.00 +4.25 8.56970429E+00
+3.50 +4.25 8.56970429E+00
+4.00 +4.25 8.56970429E+00
+4.50 +4.25 8.56970429E+00
+5.00 +4.25 8.56970429E+00
+5.50 +4.25 8.56970429E+00
+6.00 +4.25 8.56970429E+00
+6.50 +4.25 8.56970429E+00
+7.00 +4.25 8.56970429E+00
+7.50 +4.25 8.56970429E+00
+8.00 +4.25 8.56970429E+00
+8.50 +4.25 8.56970429E+00
+9.00 +4.25 8.56970429E+00
+9.50 +4.25 8.56970429E+00
+10.00 +4.25 8.56970429E+00
+10.50 +4.25 8.56970429E+00
+11.00 +4.25 8.56970429E+00
+11.50 +4.25 8.56970429E+00
+12.00 +4.25 8.56970429E+00
+12.50 +4.25 8.56970429E+00
+13.00 +4.25 8.56970429E+00
-15.00 +4.50 8.56970429E+00
-14.50 +4.50 8.56970429E+00
-14.00 +4.50 8.56970429E+00
-13.50 +4.50 8.56970429E+00
-13.00 +4.50 8.56970429E+00
-12.50 +4.50 8.56970429E+00
-12.00 +4.50 8.56970429E+00
-11.50 +4.50 8.56970429E+00
-11.00 +4.50 8.56970429E+00
-10.50 +4.50 8.56970429E+00
-10.00 +4.50 8.56970429E+00
-9.50 +4.50 8.56970429E+00
-9.00 +4.50 8.56970429E+00
-8.50 +4.50 8.56970429E+00
-8.00 +4.50 8.56970429E+00
-7.50 +4.50 8.56970429E+00
-7.00 +4.50 8.56970429E+00
-6.50 +4.50 8.56970429E+00
-6.00 +4.50 8.56970429E+00
-5.50 +4.50 8.56970429E+00
-5.00 +4.50 8.56970429E+00
-4.50 +4.50 8.56970429E+00
-4.00 +4.50 8.56970429E+00
-3.50 +4.50 8.56970429E+00
-3.00 +4.50 8.56970429E+00
-2.50 +4.50 8.56970429E+00
-2.00 +4.50 8.56970429E+00
-1.50 +4.50 8.56970429E+00
-1.00 +4.50 8.56970429E+00
-0.50 +4.50 8.56970429E+00
+0.00 +4.50 8.56970429E+00
+0.50 +4.50 8.56970429E+00
+1.00 +4.50 8.56970429E+00
+1.50 +4.50 8.56970429E+00
+2.00 +4.50 8.56970429E+00
+2.50 +4.50 8.56970429E+00
+3.00 +4.50 8.56970429E+00
+3.50 +4.50 8.56970429E+00
+4.00 +4.50 8.56970429E+00
+4.50 +4.50 8.56970429E+00
+5.00 +4.50 8.56970429E+00
+5.50 +4.50 8.56970429E+00
+6.00 +4.50 8.56970429E+00
+6.50 +4.50 8.56970429E+00
+7.00 +4.50 8.56970429E+00
+7.50 +4.50 8.56970429E+00
+8.00 +4.50 8.56970429E+00
+8.50 +4.50 8.56970429E+00
+9.00 +4.50 8.56970429E+00
+9.50 +4.50 8.56970429E+00
+10.00 +4.50 8.56970429E+00
+10.50 +4.50 8.56970429E+00
+11.00 +4.50 8.56970429E+00
+11.50 +4.50 8.56970429E+00
+12.00 +4.50 8.56970429E+00
+12.50 +4.50 8.56970429E+00
+13.00 +4.50 8.56970429E+00
-15.00 +4.75 8.56970429E+00
-14.50 +4.75 8.56970429E+00
-14.00 +4.75 8.56970429E+00
-13.50 +4.75 8.56970429E+00
-13.00 +4.75 8.56970429E+00
-12.50 +4.75 8.56970429E+00
-12.00 +4.75 8.56970429E+00
-11.50 +4.75 8.56970429E+00
-11.00 +4.75 8.56970429E+00
-10.50 +4.75 8.56970429E+00
-10.00 +4.75 8.56970429E+00
-9.50 +4.75 8.56970429E+00
-9.00 +4.75 8.56970429E+00
-8.50 +4.75 8.56970429E+00
-8.00 +4.75 8.56970429E+00
-7.50 +4.75 8.56970429E+00
-7.00 +4.75 8.56970429E+00
-6.50 +4.75 8.56970429E+00
-6.00 +4.75 8.56970429E+00
-5.50 +4.75 8.56970429E+00
-5.00 +4.75 8.56970429E+00
-4.50 +4.75 8.56970429E+00
-4.00 +4.75 8.56970429E+00
-3.50 +4.75 8.56970429E+00
-3.00 +4.75 8.56970429E+00
-2.50 +4.75 8.56970429E+00
-2.00 +4.75 8.56970429E+00
-1.50 +4.75 8.56970429E+00
-1.00 +4.75 8.56970429E+00
-0.50 +4.75 8.56970429E+00
+0.00 +4.75 8.56970429E+00
+0.50 +4.75 8.56970429E+00
+1.00 +4.75 8.56970429E+00
+1.50 +4.75 8.56970429E+00
+2.00 +4.75 8.56970429E+00
+2.50 +4.75 8.56970429E+00
+3.00 +4.75 8.56970429E+00
+3.50 +4.75 8.56970429E+00
+4.00 +4.75 8.56970429E+00
+4.50 +4.75 8.56970429E+00
+5.00 +4.75 8.56970429E+00
+5.50 +4.75 8.56970429E+00
+6.00 +4.75 8.56970429E+00
+6.50 +4.75 8.56970429E+00
+7.00 +4.75 8.56970429E+00
+7.50 +4.75 8.56970429E+00
+8.00 +4.75 8.56970429E+00
+8.50 +4.75 8.56970429E+00
+9.00 +4.75 8.56970429E+00
+9.50 +4.75 8.56970429E+00
+10.00 +4.75 8.56970429E+00
+10.50 +4.75 8.56970429E+00
+11.00 +4.75 8.56970429E+00
+11.50 +4.75 8.56970429E+00
+12.00 +4.75 8.56970429E+00
+12.50 +4.75 8.56970429E+00
+13.00 +4.75 8.56970429E+00
-15.00 +5.00 8.56970429E+00
-14.50 +5.00 8.56970429E+00
-14.00 +5.00 8.56970429E+00
-13.50 +5.00 8.56970429E+00
-13.00 +5.00 8.56970429E+00
-12.50 +5.00 8.56970429E+00
-12.00 +5.00 8.56970429E+00
-11.50 +5.00 8.56970429E+00
-11.00 +5.00 8.56970429E+00
-10.50 +5.00 8.56970429E+00
-10.00 +5.00 8.56970429E+00
-9.50 +5.00 8.56970429E+00
-9.00 +5.00 8.56970429E+00
-8.50 +5.00 8.56970429E+00
-8.00 +5.00 8.56970429E+00
-7.50 +5.00 8.56970429E+00
-7.00 +5.00 8.56970429E+00
-6.50 +5.00 8.56970429E+00
-6.00 +5.00 8.56970429E+00
-5.50 +5.00 8.56970429E+00
-5.00 +5.00 8.56970429E+00
-4.50 +5.00 8.56970429E+00
-4.00 +5.00 8.56970429E+00
-3.50 +5.00 8.56970429E+00
-3.00 +5.00 8.56970429E+00
-2.50 +5.00 8.56970429E+00
-2.00 +5.00 8.56970429E+00
-1.50 +5.00 8.56970429E+00
-1.00 +5.00 8.56970429E+00
-0.50 +5.00 8.56970429E+00
+0.00 +5.00 8.56970429E+00
+0.50 +5.00 8.56970429E+00
+1.00 +5.00 8.56970429E+00
+1.50 +5.00 8.56970429E+00
+2.00 +5.00 8.56970429E+00
+2.50 +5.00 8.56970429E+00
+3.00 +5.00 8.56970429E+00
+3.50 +5.00 8.56970429E+00
+4.00 +5.00 8.56970429E+00
+4.50 +5.00 8.56970429E+00
+5.00 +5.00 8.56970429E+00
+5.50 +5.00 8.56970429E+00
+6.00 +5.00 8.56970429E+00
+6.50 +5.00 8.56970429E+00
+7.00 +5.00 8.56970429E+00
+7.50 +5.00 8.56970429E+00
+8.00 +5.00 8.56970429E+00
+8.50 +5.00 8.56970429E+00
+9.00 +5.00 8.56970429E+00
+9.50 +5.00 8.56970429E+00
+10.00 +5.00 8.56970429E+00
+10.50 +5.00 8.56970429E+00
+11.00 +5.00 8.56970429E+00
+11.50 +5.00 8.56970429E+00
+12.00 +5.00 8.56970429E+00
+12.50 +5.00 8.56970429E+00
+13.00 +5.00 8.56970429E+00
